on layer[1] :
on neuron[1][1] :
-0,00043 ; -0,00028 ; -0,67426 ; -0,16016 ; -0,16955 ; -1,15236 ; +0,21745 ; +0,04358 ; -0,22026 ; -0,15758 ; -0,35373 ; -0,78026 ; -0,91028 ; -0,27322 ; -0,70219 ; +0,02605 ;  constant: +0,00000
on neuron[1][2] :
-0,11794 ; -0,85772 ; +0,33439 ; -0,76686 ; +0,12866 ; +0,22141 ; -0,51587 ; -0,29945 ; +0,18257 ; +0,32699 ; -0,72203 ; -0,92686 ; -0,95110 ; +0,73561 ; -0,02012 ; +0,10652 ;  constant: +0,00000
on neuron[1][3] :
+0,20410 ; -0,24283 ; -0,24652 ; -1,01727 ; -1,19948 ; -0,85391 ; -0,34819 ; -0,61780 ; +0,37720 ; -0,16750 ; +0,00273 ; -1,31123 ; -0,34324 ; +0,09795 ; +0,09514 ; -0,69322 ;  constant: +0,00000
on neuron[1][4] :
+0,23178 ; -0,38369 ; +0,30521 ; -0,84128 ; +0,15791 ; -0,40367 ; -0,13914 ; -0,17294 ; +0,23590 ; -0,55754 ; +0,07496 ; -0,74813 ; +0,12746 ; -0,82534 ; -1,13914 ; -0,38554 ;  constant: +0,00000
on neuron[1][5] :
-0,18137 ; +0,34515 ; -0,02926 ; -0,81306 ; -0,79681 ; -0,45719 ; +0,01945 ; -0,49775 ; +0,49182 ; -0,86781 ; +0,01432 ; -0,46621 ; -0,87078 ; -0,74449 ; -0,07662 ; +0,23350 ;  constant: +0,00000
on neuron[1][6] :
+0,10197 ; +0,00139 ; +0,01700 ; -0,08665 ; -0,34417 ; -0,77546 ; -0,38625 ; -0,43576 ; -0,41138 ; -0,26876 ; +0,34059 ; -0,00532 ; -0,16495 ; -0,60453 ; +0,35427 ; -0,28454 ;  constant: +0,00000
on neuron[1][7] :
+0,94825 ; -0,51839 ; -0,31996 ; -0,73454 ; -0,39425 ; -0,85824 ; -0,31633 ; +0,05706 ; -0,20293 ; +0,10052 ; -0,77406 ; -1,44175 ; -1,04325 ; -0,24466 ; -0,08855 ; -0,27221 ;  constant: +0,00000
on neuron[1][8] :
+0,14841 ; -0,21189 ; -0,30708 ; -0,02045 ; +0,35716 ; -0,73363 ; +0,59093 ; -0,16609 ; -0,29221 ; -0,44617 ; -0,19154 ; -0,39804 ; -0,40796 ; +0,07656 ; +0,39696 ; +0,18522 ;  constant: +0,00000
on layer[2] :
on neuron[2][1] :
-0,02248 ; +0,04751 ; +0,01488 ; -0,05959 ; -0,00308 ; -0,01174 ; +0,02344 ; +0,04801 ;  constant: +0,00000
on neuron[2][2] :
+0,68912 ; +0,44521 ; +0,40855 ; +0,46343 ; +0,58554 ; +0,02715 ; +0,94471 ; +0,14768 ;  constant: +0,00000
on neuron[2][3] :
+0,44181 ; +0,01050 ; +0,94258 ; +0,25655 ; +0,54665 ; +0,34474 ; +0,58454 ; -0,08694 ;  constant: +0,00000
