on layer[1] :
on neuron[1][1] :
+0,47833 ; +3,54079 ; +35,46620 ; +61,27705 ; +69,14579 ; +63,16837 ; +35,08953 ; +1,31916 ; -1,40169 ; +7,57211 ; +44,75591 ; +66,44944 ; +70,60240 ; +61,00466 ; +30,88069 ; +1,64841 ;  constant: +0,00000
on neuron[1][2] :
+0,96459 ; +2,09970 ; +4,21674 ; +11,00478 ; +10,44107 ; +9,99257 ; +6,94131 ; +1,37662 ; +0,63104 ; +0,11295 ; +5,99185 ; +6,81266 ; +7,85308 ; +9,08698 ; +6,12901 ; +0,84179 ;  constant: +0,00000
on neuron[1][3] :
+0,48860 ; +1,56646 ; -4,91181 ; -7,61491 ; -7,31512 ; -7,90742 ; -5,58004 ; -1,11967 ; +0,40301 ; -1,46199 ; -6,28989 ; -6,96843 ; -8,53799 ; -8,25644 ; -3,63574 ; -1,36296 ;  constant: +0,00000
on neuron[1][4] :
+1,08888 ; -1,10902 ; -21,75032 ; -33,48744 ; -39,85849 ; -34,75340 ; -20,83114 ; -0,69612 ; -0,01178 ; -2,40035 ; -19,45335 ; -30,52306 ; -33,94521 ; -29,82613 ; -16,97838 ; +0,72691 ;  constant: +0,00000
on neuron[1][5] :
+1,14198 ; +1,08402 ; +21,98977 ; +39,75526 ; +43,47244 ; +38,79459 ; +21,88938 ; +0,84323 ; -0,79599 ; +3,80589 ; +25,45356 ; +38,66256 ; +42,90777 ; +36,20601 ; +16,82493 ; -0,91261 ;  constant: +0,00000
on neuron[1][6] :
-1,85064 ; +1,62289 ; +36,84425 ; +64,45733 ; +72,25204 ; +65,15610 ; +36,46194 ; +2,26137 ; +1,17338 ; +5,35812 ; +38,64104 ; +58,95306 ; +65,29954 ; +55,73990 ; +29,80584 ; +1,45548 ;  constant: +0,00000
on neuron[1][7] :
+0,52146 ; -0,18991 ; -6,59973 ; -8,79623 ; -7,58736 ; -5,49843 ; -3,94521 ; +0,44365 ; +1,10120 ; -1,11954 ; -0,69076 ; -3,98491 ; -1,78366 ; -1,64064 ; +0,93361 ; -0,81459 ;  constant: +0,00000
on neuron[1][8] :
+0,25151 ; -1,27236 ; -3,42151 ; -7,50019 ; -9,92838 ; -6,51352 ; -3,76544 ; -0,22501 ; -1,48102 ; +0,09226 ; +2,22729 ; +0,77091 ; -1,37958 ; -0,19349 ; -2,29380 ; -0,90860 ;  constant: +0,00000
on layer[2] :
on neuron[2][1] :
NaN ; NaN ; NaN ; NaN ; NaN ; NaN ; NaN ; NaN ;  constant: +0,00000
on neuron[2][2] :
NaN ; NaN ; NaN ; NaN ; NaN ; NaN ; NaN ; NaN ;  constant: +0,00000
on neuron[2][3] :
NaN ; NaN ; NaN ; NaN ; NaN ; NaN ; NaN ; NaN ;  constant: +0,00000
