on layer[1] :
on neuron[1][1] :
-0,00000 ; -0,00000 ; -0,00001 ; -0,00001 ; -0,00002 ; -0,00001 ; -0,00001 ; -0,00000 ; -0,00000 ; -0,00000 ; -0,00001 ; -0,00002 ; -0,00002 ; -0,00002 ; -0,00001 ; -0,00000 ;  constant: +0,00000
on neuron[1][2] :
-0,00000 ; +0,00000 ; -0,00001 ; -0,00001 ; -0,00001 ; -0,00001 ; -0,00001 ; -0,00000 ; -0,00000 ; -0,00000 ; -0,00001 ; -0,00001 ; -0,00001 ; -0,00001 ; -0,00001 ; -0,00000 ;  constant: +0,00000
on neuron[1][3] :
-0,00000 ; +0,00000 ; +0,00002 ; +0,00003 ; +0,00003 ; +0,00003 ; +0,00002 ; +0,00000 ; -0,00000 ; +0,00000 ; +0,00002 ; +0,00003 ; +0,00003 ; +0,00003 ; +0,00001 ; +0,00000 ;  constant: +0,00000
on neuron[1][4] :
-0,00000 ; -0,00000 ; -0,00000 ; -0,00001 ; -0,00000 ; -0,00000 ; -0,00000 ; +0,00000 ; +0,00000 ; -0,00000 ; -0,00001 ; -0,00001 ; -0,00001 ; -0,00001 ; -0,00001 ; +0,00000 ;  constant: +0,00000
on neuron[1][5] :
-0,00000 ; +0,00000 ; +0,00003 ; +0,00005 ; +0,00005 ; +0,00005 ; +0,00003 ; +0,00000 ; -0,00000 ; +0,00000 ; +0,00003 ; +0,00004 ; +0,00005 ; +0,00004 ; +0,00002 ; +0,00000 ;  constant: +0,00000
on neuron[1][6] :
+0,00000 ; +0,00000 ; +0,00001 ; +0,00002 ; +0,00002 ; +0,00002 ; +0,00001 ; +0,00000 ; -0,00000 ; +0,00000 ; +0,00002 ; +0,00002 ; +0,00002 ; +0,00002 ; +0,00001 ; +0,00000 ;  constant: +0,00000
on neuron[1][7] :
-0,00000 ; +0,00000 ; +0,00002 ; +0,00003 ; +0,00003 ; +0,00003 ; +0,00002 ; +0,00000 ; +0,00000 ; +0,00000 ; +0,00002 ; +0,00003 ; +0,00003 ; +0,00002 ; +0,00001 ; +0,00000 ;  constant: +0,00000
on neuron[1][8] :
+0,00000 ; -0,00000 ; -0,00000 ; -0,00001 ; -0,00001 ; -0,00001 ; -0,00001 ; -0,00000 ; +0,00000 ; -0,00000 ; -0,00001 ; -0,00001 ; -0,00001 ; -0,00001 ; -0,00001 ; -0,00000 ;  constant: +0,00000
on layer[2] :
on neuron[2][1] :
+0,00000 ; +0,00000 ; -0,00000 ; -0,00000 ; -0,00000 ; +0,00000 ; -0,00000 ; +0,00000 ;  constant: +0,00000
on neuron[2][2] :
-0,00000 ; -0,00000 ; +0,00000 ; -0,00000 ; -0,00000 ; -0,00000 ; +0,00000 ; -0,00000 ;  constant: +0,00000
on neuron[2][3] :
-0,00000 ; +0,00000 ; -0,00000 ; -0,00000 ; -0,00000 ; +0,00000 ; -0,00000 ; -0,00000 ;  constant: +0,00000
