on layer[1] :
on neuron[1][1] :
+0,00000 ; -0,00119 ; -0,02382 ; -0,04429 ; -0,04952 ; -0,04435 ; -0,02403 ; -0,00126 ; +0,00000 ; -0,00539 ; -0,03063 ; -0,04669 ; -0,04930 ; -0,04093 ; -0,01706 ; -0,00057 ;  constant: +0,00000
on neuron[1][2] :
+0,00000 ; -0,00119 ; -0,02382 ; -0,04429 ; -0,04952 ; -0,04435 ; -0,02403 ; -0,00126 ; +0,00000 ; -0,00539 ; -0,03063 ; -0,04669 ; -0,04930 ; -0,04093 ; -0,01706 ; -0,00057 ;  constant: +0,00000
on neuron[1][3] :
+0,00000 ; -0,00119 ; -0,02382 ; -0,04429 ; -0,04952 ; -0,04435 ; -0,02403 ; -0,00126 ; -0,00000 ; -0,00539 ; -0,03063 ; -0,04669 ; -0,04930 ; -0,04093 ; -0,01706 ; -0,00057 ;  constant: +0,00000
on neuron[1][4] :
-0,00000 ; -0,00118 ; -0,02382 ; -0,04429 ; -0,04952 ; -0,04435 ; -0,02403 ; -0,00126 ; +0,00000 ; -0,00539 ; -0,03063 ; -0,04669 ; -0,04930 ; -0,04093 ; -0,01706 ; -0,00057 ;  constant: +0,00000
on neuron[1][5] :
+0,00000 ; -0,00119 ; -0,02382 ; -0,04429 ; -0,04952 ; -0,04435 ; -0,02403 ; -0,00126 ; -0,00000 ; -0,00539 ; -0,03063 ; -0,04669 ; -0,04930 ; -0,04093 ; -0,01706 ; -0,00057 ;  constant: +0,00000
on neuron[1][6] :
+0,00000 ; -0,00119 ; -0,02382 ; -0,04429 ; -0,04952 ; -0,04435 ; -0,02403 ; -0,00126 ; -0,00000 ; -0,00539 ; -0,03063 ; -0,04669 ; -0,04930 ; -0,04093 ; -0,01706 ; -0,00057 ;  constant: +0,00000
on neuron[1][7] :
-0,00000 ; -0,00119 ; -0,02382 ; -0,04429 ; -0,04952 ; -0,04435 ; -0,02403 ; -0,00126 ; +0,00000 ; -0,00539 ; -0,03063 ; -0,04669 ; -0,04930 ; -0,04093 ; -0,01706 ; -0,00057 ;  constant: +0,00000
on neuron[1][8] :
+0,00000 ; -0,00119 ; -0,02382 ; -0,04429 ; -0,04952 ; -0,04435 ; -0,02403 ; -0,00126 ; -0,00000 ; -0,00539 ; -0,03063 ; -0,04669 ; -0,04930 ; -0,04093 ; -0,01706 ; -0,00057 ;  constant: +0,00000
on layer[2] :
on neuron[2][1] :
+0,00003 ; +0,00003 ; +0,00003 ; +0,00003 ; +0,00003 ; +0,00003 ; +0,00003 ; +0,00003 ;  constant: +0,00000
on neuron[2][2] :
+0,02275 ; +0,02275 ; +0,02275 ; +0,02274 ; +0,02275 ; +0,02275 ; +0,02274 ; +0,02274 ;  constant: +0,00000
on neuron[2][3] :
+0,02250 ; +0,02249 ; +0,02249 ; +0,02249 ; +0,02249 ; +0,02249 ; +0,02249 ; +0,02249 ;  constant: +0,00000
