on layer[1] :
on neuron[1][1] :
-0,61992 ; +0,70095 ; -0,93861 ; +0,62159 ; -0,67417 ; +0,19177 ; -1,39410 ; -0,03624 ; +1,05213 ; -1,95046 ; -0,60635 ; -1,28677 ; -1,10902 ; -1,80889 ; -1,64142 ; +0,94389 ;  constant: +0,00000
on neuron[1][2] :
-0,95260 ; +1,57936 ; -0,38700 ; -0,35808 ; -0,57229 ; +0,70865 ; +0,97930 ; +0,80276 ; -0,19235 ; -0,86296 ; -0,14215 ; +0,21803 ; +0,37261 ; -1,31964 ; -1,53215 ; -1,41400 ;  constant: +0,00000
on neuron[1][3] :
+0,46394 ; +1,41921 ; +0,48863 ; -0,28721 ; -4,20406 ; -1,76787 ; -1,23000 ; +0,91192 ; +1,87702 ; -2,32602 ; +0,89684 ; +0,58652 ; +0,77219 ; -0,50863 ; +0,29740 ; -0,34446 ;  constant: +0,00000
on neuron[1][4] :
+0,64026 ; -1,17518 ; +1,61805 ; -0,79873 ; -0,85259 ; +1,00057 ; -2,24289 ; -0,48165 ; +1,26959 ; +1,57918 ; -0,36819 ; -1,36032 ; -1,44764 ; -0,41736 ; -0,59835 ; +0,23517 ;  constant: +0,00000
on neuron[1][5] :
-0,24859 ; +0,85514 ; +0,22765 ; +0,70313 ; +1,05693 ; -0,92777 ; +1,32913 ; -0,02686 ; -0,28453 ; -0,17470 ; -0,81286 ; -1,48191 ; -0,79490 ; +0,60119 ; -0,15740 ; +1,01318 ;  constant: +0,00000
on neuron[1][6] :
-0,33467 ; +0,36954 ; -0,65511 ; -0,87682 ; -1,99804 ; +0,70616 ; +0,12091 ; -0,29131 ; -0,33847 ; -1,42246 ; -0,53050 ; -0,46928 ; -0,47659 ; +0,40560 ; -0,10822 ; +0,80975 ;  constant: +0,00000
on neuron[1][7] :
-0,44121 ; -0,66342 ; -0,04190 ; +0,38150 ; -0,12338 ; -1,95471 ; +0,13127 ; -0,73198 ; +0,95393 ; -1,33738 ; +0,09228 ; -0,80893 ; -0,46835 ; -0,76005 ; -1,17774 ; +0,44677 ;  constant: +0,00000
on neuron[1][8] :
-0,31384 ; +0,72692 ; -0,05578 ; -0,07101 ; -0,61791 ; +0,44169 ; +0,24861 ; -0,28375 ; -1,12727 ; +1,15839 ; -1,42428 ; -1,18993 ; -0,43193 ; +0,16797 ; -0,63627 ; +1,02058 ;  constant: +0,00000
on layer[2] :
on neuron[2][1] :
-0,48712 ; -1,95525 ; +0,89572 ; -0,32266 ; -2,11284 ; +0,39641 ; -0,50775 ; +0,68017 ;  constant: +0,00000
on neuron[2][2] :
+8,39254 ; +0,20999 ; -2,36021 ; +5,43562 ; +2,15280 ; -1,36452 ; +2,07933 ; +2,44494 ;  constant: +0,00000
on neuron[2][3] :
+1,19682 ; -2,57825 ; +10,38080 ; +1,38300 ; -6,40083 ; +2,58134 ; +1,97399 ; -3,05606 ;  constant: +0,00000
