on layer[1] :
on neuron[1][1] :
-0,18915 ; -1,09932 ; -0,74944 ; +0,58577 ; +0,31892 ; -0,78816 ; -0,31956 ; -1,96450 ; +1,37953 ; -0,91183 ; +0,13824 ; +0,17259 ; +0,91026 ; -0,78713 ; +1,16921 ; +0,92680 ;  constant: +1,18906
on neuron[1][2] :
-0,43968 ; -0,66573 ; +0,21838 ; -0,13678 ; +0,65362 ; +2,01990 ; -0,15158 ; -0,04551 ; -0,73063 ; -0,06456 ; -0,65305 ; +1,61609 ; +0,40871 ; +0,62785 ; -0,19380 ; -0,28032 ;  constant: -0,62894
on neuron[1][3] :
-1,35479 ; +0,89407 ; -0,83059 ; -0,28558 ; +1,27330 ; -2,08060 ; +0,83474 ; -0,54227 ; -1,47308 ; -2,11377 ; -1,10861 ; +0,31606 ; +0,90651 ; +1,42259 ; +1,11520 ; +1,86139 ;  constant: +0,22670
on neuron[1][4] :
-1,18414 ; -0,11669 ; +0,54827 ; +0,44367 ; +0,18083 ; +1,55977 ; -1,64313 ; +1,50535 ; +0,88114 ; +0,54915 ; +0,50552 ; +1,37814 ; +0,19169 ; +1,25149 ; +0,02436 ; -0,85231 ;  constant: -0,22861
on neuron[1][5] :
-0,61347 ; +0,40422 ; -1,77513 ; -0,61453 ; -0,21830 ; +0,06901 ; +3,18490 ; +1,84540 ; +0,62261 ; -0,17559 ; -0,50324 ; +0,90606 ; -0,73326 ; +0,75588 ; -0,22770 ; -0,05034 ;  constant: -1,85557
on neuron[1][6] :
-0,35402 ; +0,07187 ; -0,46296 ; -0,55690 ; +0,59880 ; -0,55683 ; +0,30901 ; +0,66302 ; +0,31423 ; +0,77356 ; -0,79143 ; +0,13305 ; -0,12056 ; +1,62600 ; +0,22942 ; +0,20527 ;  constant: -0,59365
on neuron[1][7] :
-0,49886 ; +0,84558 ; -0,45757 ; -0,75401 ; +0,40958 ; +1,92099 ; -1,65494 ; +2,05489 ; -0,62499 ; -1,00950 ; +1,95066 ; +0,35209 ; -0,05800 ; +0,42083 ; +0,44844 ; -0,83715 ;  constant: +0,20578
on neuron[1][8] :
-0,98355 ; -0,14588 ; +1,77908 ; -0,63579 ; +1,86991 ; +2,04462 ; +1,77643 ; -0,63778 ; -0,60554 ; +0,45303 ; -1,48708 ; +0,16841 ; +0,51625 ; +1,36191 ; -1,37748 ; -0,12007 ;  constant: -0,14311
on neuron[1][9] :
+0,99560 ; +0,13910 ; -0,16962 ; +0,21514 ; -0,32251 ; +1,65098 ; +0,67663 ; +0,19542 ; +0,04022 ; +0,43629 ; -0,72791 ; -0,20854 ; +0,28076 ; -0,53410 ; -1,60614 ; -0,07136 ;  constant: +1,40546
on neuron[1][10] :
+2,51471 ; +0,05263 ; -0,58861 ; -0,45821 ; -1,36377 ; -0,74192 ; +0,96340 ; +0,84269 ; +0,80507 ; +0,12811 ; +0,49219 ; +0,30366 ; -1,51584 ; +0,16217 ; -0,93697 ; +0,75956 ;  constant: -0,06990
on neuron[1][11] :
+0,87907 ; +1,43454 ; -1,21791 ; -1,92910 ; -1,21623 ; +0,89746 ; -1,05854 ; +1,01163 ; -0,31073 ; -0,43697 ; -0,30887 ; -0,94786 ; +0,76558 ; -3,01435 ; -1,37213 ; -0,37516 ;  constant: -0,65120
on neuron[1][12] :
+0,10935 ; +1,40710 ; -0,16723 ; +0,68078 ; -0,37565 ; +0,99205 ; +1,39875 ; -0,00510 ; -0,49810 ; +0,56523 ; +1,07232 ; -0,35496 ; +0,77149 ; +2,25192 ; -0,43112 ; -0,93815 ;  constant: +1,03705
on neuron[1][13] :
+1,47109 ; +1,88923 ; +1,25202 ; -0,23217 ; +0,39224 ; -0,97681 ; -0,78125 ; +0,18765 ; -0,40321 ; +0,11248 ; +0,73300 ; -0,77064 ; +0,64296 ; -1,72891 ; -2,51525 ; -0,68924 ;  constant: -1,57511
on neuron[1][14] :
+0,40351 ; -0,55367 ; +1,59858 ; +0,17415 ; -0,58920 ; +0,63290 ; -0,92850 ; -0,18167 ; +0,24286 ; +1,31133 ; -0,94974 ; -2,05845 ; -0,75797 ; -1,59964 ; -0,29806 ; -0,52074 ;  constant: -0,26992
on neuron[1][15] :
-1,58913 ; +1,20537 ; -1,17501 ; +0,97106 ; +1,25774 ; -1,25873 ; -0,28965 ; +1,32107 ; +1,72940 ; +0,56474 ; -0,64782 ; -0,76168 ; +0,82011 ; -1,29728 ; -0,90193 ; -1,13835 ;  constant: +0,44048
on neuron[1][16] :
+1,72567 ; +0,46081 ; +0,28785 ; +1,29849 ; +0,96524 ; -0,50179 ; +0,18512 ; -0,22723 ; +0,81300 ; +0,79187 ; +0,11585 ; -0,58642 ; +1,76448 ; -0,50755 ; +0,55952 ; -0,02172 ;  constant: +0,45279
on neuron[1][17] :
-0,04330 ; -1,79458 ; -0,14756 ; -1,74156 ; -1,36416 ; -0,00766 ; -0,22892 ; +0,38458 ; -0,07789 ; +1,75774 ; +0,39659 ; -0,28851 ; -1,48214 ; -1,44290 ; -0,92157 ; +0,35820 ;  constant: -0,43073
on neuron[1][18] :
-1,13088 ; -0,57879 ; -1,02551 ; -0,79384 ; +1,09653 ; -2,21732 ; +0,26126 ; -0,24448 ; -1,32013 ; -0,47522 ; +0,65124 ; +0,54606 ; +1,74717 ; +0,74301 ; +0,02562 ; +0,90489 ;  constant: +0,11644
on neuron[1][19] :
+0,26676 ; +0,98656 ; -0,00267 ; +0,20720 ; +0,11864 ; -0,22305 ; +0,29768 ; +1,07414 ; +0,65203 ; +0,67689 ; -0,91617 ; +0,46659 ; +0,00606 ; -1,25021 ; +0,15200 ; +1,08897 ;  constant: -1,09072
on neuron[1][20] :
-0,21359 ; +0,88931 ; +1,75435 ; +1,91655 ; +0,00039 ; -1,01893 ; +0,05549 ; +0,59748 ; -2,10190 ; -1,53999 ; -0,83307 ; +0,38084 ; -0,53758 ; -0,29537 ; +0,70987 ; +0,68918 ;  constant: +1,53104
on neuron[1][21] :
+0,25544 ; -0,50487 ; -0,80747 ; -0,25030 ; -1,14554 ; +2,34759 ; +0,16464 ; -1,00932 ; +1,16606 ; -0,76320 ; -0,23023 ; +0,40287 ; -1,38916 ; -0,34605 ; -1,14703 ; -0,74187 ;  constant: +0,99892
on neuron[1][22] :
-2,92311 ; +0,42794 ; -1,58556 ; +0,39833 ; +2,29244 ; -0,66113 ; +0,23378 ; +0,41459 ; +0,64590 ; +0,89358 ; -1,07497 ; -0,39095 ; +0,04107 ; -1,82175 ; +1,95030 ; -0,36128 ;  constant: +1,07764
on neuron[1][23] :
+0,51847 ; +0,33720 ; -1,58741 ; -3,73121 ; -0,31443 ; -0,09161 ; +2,93001 ; +1,22800 ; +0,27414 ; +1,37501 ; -0,26068 ; +0,01977 ; -0,61247 ; +1,44759 ; +2,17702 ; -0,45211 ;  constant: +0,28146
on neuron[1][24] :
+0,70424 ; -0,79448 ; -1,60127 ; -0,25088 ; -0,19913 ; +1,87087 ; +0,51042 ; +1,48371 ; +1,82145 ; -2,42082 ; +0,19181 ; -0,65109 ; -1,26489 ; +2,72520 ; +1,41240 ; +1,75752 ;  constant: +0,28100
on neuron[1][25] :
+0,61783 ; +1,70623 ; +1,66108 ; +0,25771 ; -1,43477 ; -0,54292 ; +1,70935 ; -0,86484 ; -0,68515 ; +1,33358 ; -0,27371 ; +1,38196 ; -1,11078 ; -0,93968 ; +0,33272 ; -0,32935 ;  constant: +0,24532
on neuron[1][26] :
-1,51849 ; +1,58813 ; -0,20248 ; +1,13961 ; +1,19635 ; -0,31688 ; +1,54401 ; +0,19358 ; +0,66999 ; +0,38743 ; +0,83037 ; -0,29221 ; -0,88110 ; +3,21545 ; +0,87861 ; -0,08327 ;  constant: -0,22425
on neuron[1][27] :
+0,37113 ; -0,42074 ; +0,83048 ; -1,52556 ; -0,80507 ; -1,13109 ; +0,48668 ; +0,32358 ; +0,16127 ; +0,32884 ; +0,66604 ; +0,30839 ; +2,39385 ; +1,17434 ; +0,30075 ; -1,43799 ;  constant: -1,08407
on neuron[1][28] :
-0,53600 ; +1,05220 ; -0,23994 ; -1,41402 ; +1,95756 ; -0,73172 ; -0,44403 ; -0,11125 ; +0,86797 ; +0,28501 ; -2,23505 ; +0,23481 ; -0,35057 ; -1,26300 ; -0,55084 ; -0,93637 ;  constant: -1,31449
on neuron[1][29] :
-1,64438 ; +0,42281 ; -0,65095 ; -0,31570 ; -0,88969 ; +0,43141 ; +0,88999 ; -0,83160 ; -0,42562 ; +2,38106 ; +0,00421 ; +0,76124 ; -3,12583 ; -1,90662 ; +0,68969 ; -0,24013 ;  constant: +0,34606
on neuron[1][30] :
-0,31846 ; -0,20127 ; +1,27987 ; -1,12785 ; -1,41070 ; +0,17346 ; -3,03672 ; -2,27811 ; +0,78086 ; +1,50513 ; +1,28878 ; -1,18473 ; -0,45658 ; +0,83556 ; -1,43003 ; -1,10426 ;  constant: +0,41888
on neuron[1][31] :
+3,13200 ; +0,53720 ; -0,68173 ; -0,29438 ; -0,55776 ; +2,72656 ; -1,01517 ; +0,27586 ; +2,65530 ; +0,56984 ; +1,24278 ; +0,70476 ; -1,47245 ; +1,37696 ; +0,34359 ; +1,56165 ;  constant: +1,42717
on neuron[1][32] :
+0,34274 ; -0,48882 ; -0,13120 ; +0,69066 ; -0,29697 ; -0,23618 ; -0,42256 ; -0,37454 ; +0,48157 ; -0,55423 ; +0,84596 ; +0,25923 ; -0,84792 ; -2,07583 ; -0,48761 ; -0,71894 ;  constant: -0,10341
on layer[2] :
on neuron[2][1] :
+0,51325 ; -0,12425 ; +0,24070 ; -0,86009 ; -0,93857 ; -2,03508 ; +2,31416 ; -1,14564 ; +0,58462 ; -0,31186 ; -0,15711 ; +0,01860 ; +0,87281 ; +0,28273 ; -2,77330 ; -0,78879 ; -1,01035 ; -0,47278 ; +1,29082 ; -0,89930 ; -0,10678 ; -0,00032 ; -1,11376 ; -0,55304 ; -1,25673 ; +0,02527 ; +0,45315 ; +0,02274 ; +1,23052 ; -2,52520 ; -0,85020 ; -0,44022 ;  constant: +0,26835
on neuron[2][2] :
+0,80483 ; -0,15013 ; -0,68690 ; +2,15528 ; -1,36687 ; +0,48985 ; +2,37929 ; +1,60643 ; +1,71173 ; -0,17818 ; -0,70870 ; +0,93446 ; -1,85556 ; +0,12880 ; +0,26517 ; -0,43766 ; +0,76892 ; +1,94932 ; +1,22632 ; +0,94596 ; -0,37245 ; +0,65806 ; -1,33222 ; -0,28822 ; -0,65044 ; +0,87899 ; -0,23509 ; -0,00149 ; -1,90007 ; -1,20429 ; +1,08884 ; +1,14322 ;  constant: -1,04524
on neuron[2][3] :
+0,87005 ; -0,23457 ; -1,68158 ; +3,30865 ; -0,35251 ; -0,29262 ; +0,79333 ; -2,20697 ; +0,19397 ; +0,75039 ; +2,95725 ; -0,81447 ; -0,96510 ; +1,37512 ; +0,34714 ; +0,32185 ; -1,21075 ; -0,10208 ; +1,68245 ; -0,62854 ; -0,43214 ; -0,05688 ; +1,31731 ; -0,71586 ; +2,29184 ; -0,20239 ; -0,30775 ; -0,78722 ; -0,32182 ; -0,00157 ; +0,92404 ; -0,63376 ;  constant: -0,88502
on neuron[2][4] :
-0,21670 ; +0,72266 ; -0,62035 ; -1,06538 ; +0,02140 ; +0,13830 ; -0,71521 ; -0,27621 ; +0,98848 ; -0,42062 ; -0,16800 ; +0,53679 ; +0,60208 ; +1,45068 ; +0,85255 ; +0,91301 ; -0,54745 ; +1,60625 ; +0,05738 ; -0,21185 ; +0,52537 ; -0,29197 ; -0,81909 ; -0,58919 ; -0,04625 ; +0,55021 ; -0,11586 ; -1,53221 ; +2,34293 ; +0,45214 ; +0,20789 ; +1,26144 ;  constant: -0,56935
on neuron[2][5] :
+2,18781 ; -2,02966 ; +1,02911 ; +0,04344 ; +1,17442 ; -1,58133 ; -0,78505 ; -0,22471 ; -0,22266 ; +0,23729 ; -0,58560 ; -0,25648 ; -0,95445 ; +0,10066 ; +0,18566 ; -2,05579 ; +1,11284 ; -1,67611 ; +0,08108 ; -0,04162 ; -1,19615 ; +0,81099 ; +1,73884 ; +1,70147 ; -0,13306 ; +0,64014 ; +0,58676 ; -1,53621 ; -1,63652 ; -0,36340 ; +0,93023 ; -1,35893 ;  constant: +0,22320
on neuron[2][6] :
-0,56658 ; -0,28198 ; +0,39337 ; -0,80619 ; -0,79264 ; -0,64017 ; -0,03150 ; -0,73046 ; -0,14808 ; -0,04747 ; -0,19367 ; +0,48328 ; -1,78301 ; -0,23094 ; +1,43225 ; +0,15397 ; -0,73508 ; +0,99526 ; -0,84010 ; +2,19014 ; -0,34058 ; -0,35677 ; +0,28383 ; -0,29275 ; -0,69626 ; -0,13542 ; +1,90520 ; -0,97650 ; +2,25512 ; +1,52538 ; +1,67351 ; +0,21622 ;  constant: -0,57091
on neuron[2][7] :
+1,42146 ; -0,98550 ; -1,29095 ; -0,72704 ; -1,02382 ; -0,31522 ; +0,71251 ; +0,32596 ; -1,16783 ; -1,65031 ; +0,91698 ; +1,97030 ; -0,27018 ; -0,88821 ; -0,17173 ; -0,83472 ; -1,28898 ; -0,47496 ; -0,58546 ; -0,84578 ; -1,20230 ; -0,04825 ; +0,21541 ; +2,97504 ; -2,21883 ; -0,07170 ; +0,74728 ; -0,19737 ; -0,45946 ; +0,07499 ; +0,63838 ; -0,62823 ;  constant: +0,83401
on neuron[2][8] :
+2,55638 ; -0,23001 ; +1,40733 ; -0,04228 ; +0,42720 ; -0,56269 ; -1,42578 ; +0,71064 ; +0,68797 ; -0,04101 ; -0,09844 ; +0,63218 ; -0,06238 ; +0,50172 ; +0,91638 ; -0,71217 ; +0,34395 ; -0,36354 ; +0,04000 ; +0,80915 ; +0,17663 ; -0,29962 ; -1,57201 ; +0,65618 ; +0,38495 ; -0,81488 ; +0,86279 ; -0,43477 ; -0,58819 ; -1,19746 ; +0,61310 ; -0,44041 ;  constant: -0,40282
on neuron[2][9] :
-1,77002 ; -0,64114 ; -1,13268 ; +0,72944 ; -0,03982 ; -0,70061 ; -0,53328 ; -0,60853 ; +0,78268 ; -0,11205 ; +0,97237 ; +0,29206 ; +0,12105 ; +0,83940 ; +0,18639 ; +0,92785 ; -0,23459 ; +0,43352 ; -1,23745 ; +0,68063 ; +0,11978 ; -1,38881 ; -1,80038 ; -2,75113 ; +1,19027 ; -0,62595 ; +0,82129 ; +0,69609 ; +0,83740 ; +0,00699 ; +1,26100 ; +0,28369 ;  constant: -0,16852
on neuron[2][10] :
+0,61269 ; -0,73237 ; +0,51254 ; +0,26789 ; +1,46268 ; -0,88321 ; -0,74135 ; -0,51536 ; -0,37706 ; +1,74026 ; +1,45705 ; +0,36887 ; -0,89725 ; +0,34440 ; -0,66253 ; -0,65666 ; +0,22302 ; +0,54382 ; -0,36898 ; -1,13636 ; +0,23948 ; +0,29609 ; +0,26514 ; -0,79966 ; -1,47572 ; +0,20859 ; +1,00939 ; +0,99226 ; +2,22831 ; -0,27215 ; +0,27874 ; +1,62660 ;  constant: +3,29325
on neuron[2][11] :
-0,19732 ; -0,08658 ; +0,94787 ; -0,09080 ; -1,30229 ; -1,19184 ; +2,25106 ; +2,38865 ; -1,92823 ; -0,52742 ; +0,15823 ; +1,00126 ; +0,32131 ; -0,03522 ; +0,34484 ; +0,55281 ; -0,31840 ; -0,93063 ; -1,01909 ; +0,27733 ; +0,58489 ; +0,90833 ; +0,93215 ; -0,47084 ; -0,97763 ; -0,04443 ; +0,07674 ; +0,27708 ; +0,17461 ; +0,44767 ; -1,00817 ; -1,50272 ;  constant: +0,39406
on neuron[2][12] :
-0,57025 ; +1,46906 ; -0,91234 ; -0,02128 ; +0,80741 ; -1,67527 ; +0,44802 ; -0,74815 ; +1,71916 ; -0,69883 ; +0,84167 ; +0,51542 ; +0,20133 ; -1,30479 ; +0,42245 ; -0,00823 ; -1,43812 ; -0,20127 ; +0,71821 ; +1,14790 ; -0,22376 ; +0,02878 ; -0,47080 ; -0,85476 ; -0,56600 ; +1,56473 ; +0,84211 ; +1,19074 ; -0,49166 ; +0,18723 ; -1,42335 ; +0,00132 ;  constant: +0,72449
on neuron[2][13] :
+0,28340 ; +0,54441 ; -0,14627 ; +0,40917 ; +0,08306 ; +0,13698 ; -0,09039 ; +1,68915 ; -0,35665 ; +1,09720 ; -0,82490 ; -0,51022 ; +1,00423 ; +0,65688 ; -0,90016 ; +0,75364 ; -1,09012 ; +1,60149 ; -0,61370 ; -0,80451 ; -1,38616 ; +0,28514 ; -0,83189 ; +0,10376 ; +0,99643 ; -0,69441 ; -0,14873 ; -1,51436 ; +0,31083 ; +0,09505 ; +1,08762 ; +1,54898 ;  constant: -2,32458
on neuron[2][14] :
+0,42861 ; +0,70140 ; +1,13676 ; -1,99974 ; -0,32550 ; +0,67502 ; +0,71667 ; +0,04219 ; -0,19976 ; -0,12607 ; -0,45769 ; +0,50086 ; -0,64266 ; -1,71038 ; +1,62808 ; +0,91012 ; +0,29989 ; -1,28450 ; +0,42538 ; +1,25740 ; +0,24896 ; +0,81435 ; +0,54775 ; +0,38636 ; +1,71155 ; -1,39509 ; +1,21420 ; +1,11809 ; -0,27900 ; -1,74332 ; -0,81318 ; +0,85692 ;  constant: -1,57692
on neuron[2][15] :
+0,82753 ; -0,23397 ; +0,08128 ; -0,23793 ; +1,92284 ; +0,05948 ; -0,60708 ; -0,16632 ; +0,37534 ; +0,41461 ; -0,62273 ; +0,98854 ; -0,23894 ; -0,81923 ; -0,28818 ; -1,91570 ; -0,39828 ; -0,90939 ; +0,06576 ; -0,72097 ; -0,46620 ; +0,22492 ; -0,17019 ; +1,26221 ; -0,11309 ; +0,52655 ; +0,03581 ; -0,70135 ; +0,54850 ; -0,54318 ; +1,41299 ; +1,78470 ;  constant: +0,46821
on neuron[2][16] :
+0,94262 ; -0,03481 ; -0,45553 ; -0,48385 ; -1,82947 ; -1,78467 ; +0,45643 ; -0,76725 ; +0,46454 ; -1,30296 ; +0,48955 ; -0,39884 ; +0,64419 ; +1,40862 ; -0,56436 ; -0,29008 ; -0,20634 ; +0,17678 ; +0,14712 ; -1,10619 ; -0,48191 ; +0,24916 ; -0,31472 ; +0,50153 ; -0,60842 ; +0,92029 ; -2,36720 ; -0,92633 ; -1,13243 ; +0,80118 ; -0,52493 ; -1,37008 ;  constant: +0,80309
on layer[3] :
on neuron[3][1] :
-0,36955 ; +1,28818 ; +0,53192 ; -1,12999 ; -1,53659 ; -2,03676 ; -0,78893 ; +0,93113 ; +1,53462 ; +1,00949 ; +1,40214 ; -0,81069 ; +0,81008 ; +0,98727 ; -0,26846 ; -0,47183 ;  constant: +0,47064
on neuron[3][2] :
+0,46465 ; +1,27494 ; -0,09964 ; -0,82078 ; -1,00527 ; +0,80672 ; +1,13774 ; +0,00785 ; -0,84515 ; +0,54672 ; +0,32611 ; +1,19669 ; -1,06447 ; +1,05438 ; +0,38649 ; -0,70950 ;  constant: -0,37549
on neuron[3][3] :
+0,79414 ; -2,01006 ; -0,99637 ; -1,08375 ; -1,57667 ; -0,93221 ; -0,64220 ; +0,53889 ; -0,68370 ; -1,37685 ; +0,24995 ; -0,11592 ; -0,00446 ; -0,37343 ; -0,66898 ; +0,09118 ;  constant: -0,91507
on neuron[3][4] :
+1,90925 ; -1,91340 ; +0,70300 ; +0,04005 ; +1,82488 ; +0,39792 ; +1,35319 ; -2,66548 ; -0,32870 ; +0,84795 ; -0,39900 ; +0,35277 ; +1,16180 ; -0,30088 ; -1,76901 ; +1,07455 ;  constant: -0,39117
on neuron[3][5] :
+0,80993 ; -0,77011 ; -1,19357 ; -2,21987 ; -1,01079 ; -0,01649 ; -0,37878 ; -0,34020 ; -0,48899 ; -1,27810 ; -1,32350 ; -0,68490 ; -0,41539 ; +1,49469 ; -0,58114 ; -0,29593 ;  constant: +1,36822
on neuron[3][6] :
+0,34384 ; +0,14174 ; -0,16559 ; +0,32640 ; +0,31986 ; +0,48091 ; +0,85979 ; -1,61362 ; -0,92296 ; +1,46302 ; +1,25247 ; +1,85649 ; +0,99192 ; -1,78325 ; +1,19172 ; -0,01218 ;  constant: +0,51864
on neuron[3][7] :
-1,27965 ; -0,82459 ; -0,59349 ; -1,23778 ; +1,52944 ; -0,24678 ; +0,80973 ; -0,43101 ; +1,74606 ; -0,06213 ; +0,83917 ; +0,66957 ; +1,92660 ; +0,83094 ; +0,75802 ; -0,76596 ;  constant: +0,51603
on neuron[3][8] :
+0,12969 ; +0,69840 ; -0,83703 ; -0,62245 ; -0,60382 ; +0,07879 ; +0,58599 ; -0,22788 ; +0,36552 ; +1,26992 ; +0,53375 ; -2,09993 ; -1,42199 ; +0,70165 ; -1,74660 ; +0,35186 ;  constant: +0,01488
on layer[4] :
on neuron[4][1] :
+0,04022 ; -0,46079 ; -0,34729 ; -0,35892 ; -0,08485 ; +1,38047 ; -0,01805 ; -0,51931 ;  constant: +0,55304
on neuron[4][2] :
+0,98327 ; +0,83373 ; +0,69539 ; -0,81507 ; +0,09861 ; -2,73150 ; +0,01930 ; +0,32955 ;  constant: +1,32477
on neuron[4][3] :
+0,79338 ; -0,73169 ; +0,40060 ; +1,17391 ; -1,69546 ; +0,49393 ; -0,36537 ; +0,16892 ;  constant: +0,58285
on neuron[4][4] :
+0,05340 ; +0,93987 ; +0,91717 ; -2,25408 ; +0,87215 ; -1,11062 ; -0,66480 ; -0,56746 ;  constant: -0,46676
on layer[5] :
on neuron[5][1] :
-1,15318 ; +0,88141 ; -0,23530 ; +1,21294 ;  constant: +0,77117
