Training Set Error;Verifying Set Error;Training Set Error;Verifying Set Error;Training Set Error;Verifying Set Error;Training Set Error;Verifying Set Error;Training Set Error;Verifying Set Error
137,966981;109,793879;582,465633;262,423354;638,557721;373,300133;464,903164;297,796863;404,420024;399,377116
117,659161;182,305348;160,643555;134,336042;381,175672;407,530008;214,205585;240,012302;270,333983;231,705501
154,406752;144,261395;157,950513;129,87843;333,977326;301,678211;182,15911;108,790926;189,504397;101,569915
181,738283;225,628554;146,346869;155,491138;232,597162;248,308964;121,446753;141,003513;128,062988;153,753332
166,238887;246,576406;176,945013;131,641381;248,634827;388,602227;103,211086;58,207439;116,24264;136,131566
205,470426;225,310908;132,826528;161,95809;227,457827;241,822605;69,914251;85,143662;138,411018;147,036775
233,447283;185,37259;179,557005;149,491046;302,234707;275,100453;77,172026;61,069799;114,784625;146,982827
206,419832;201,972784;186,166844;153,077139;226,354228;236,746334;60,432505;68,190053;131,7141;126,473683
248,909072;210,895827;166,861623;177,18993;249,990488;318,934175;56,730203;61,332123;125,06045;213,683794
214,557646;193,067926;125,7551;140,91796;199,838297;190,29809;50,94058;64,083063;124,704644;127,976067
267,791944;222,626454;168,047488;207,408783;165,892319;162,980451;51,052907;67,210989;116,874461;158,336189
259,652971;282,664895;137,989876;127,108168;203,593525;226,064772;63,799488;58,806094;104,168962;128,637736
261,069689;264,105648;146,839768;172,037879;183,907497;132,353777;60,088525;67,563322;113,880317;137,9846
225,863749;224,1744;151,57833;174,375236;225,775526;166,997912;60,021819;52,891152;114,739483;80,431804
242,500021;268,320144;199,487552;136,806067;222,236752;108,39229;76,394374;69,368553;81,622635;97,800563
300,356579;336,032126;152,853938;177,661618;180,054637;119,537686;72,610017;84,778019;84,933889;80,534708
200,459868;191,127226;177,090282;193,944384;159,599444;161,671171;84,659477;79,341926;86,274589;90,167651
267,668828;190,561638;156,505688;144,002475;156,438752;213,908202;74,802303;74,973661;88,637517;90,765536
250,288631;195,709883;146,102036;152,686053;175,195154;149,569038;84,617241;67,988997;112,053998;110,619625
294,574534;225,694249;144,505735;167,160259;250,47039;210,584916;96,377884;97,956248;123,113853;99,449166
255,729294;251,306611;161,737795;157,937263;185,714783;218,286051;100,110481;95,734149;139,939715;120,017928
240,012987;200,342365;159,331911;141,851564;195,132048;107,049314;97,6324;94,522752;184,467479;135,813076
228,205864;256,579363;136,585722;106,75425;182,065689;162,738338;93,463966;76,994143;196,326939;174,035736
219,118751;242,241805;160,206471;122,416885;119,002289;122,667889;114,491713;96,876924;200,520622;180,48539
197,907328;262,102038;131,695425;112,466978;160,833462;203,090139;113,073118;125,419151;175,025111;219,684931
247,269654;172,787693;119,083897;137,431182;111,369083;138,965932;124,559699;90,510077;196,661709;228,523389
286,906075;217,937608;145,62163;108,544023;110,206489;228,089874;144,653276;103,360065;305,302717;262,283679
250,183271;156,842871;138,961557;150,995729;208,581242;181,087899;132,61844;114,301328;333,024442;209,802591
227,144529;200,531406;114,058363;159,375221;141,925066;90,997664;148,259096;162,976947;235,905987;219,351357
233,651566;193,117919;122,401509;127,609982;166,154686;98,382919;133,334071;118,348363;267,686025;326,774356
259,835621;290,402356;132,074984;142,231355;160,601449;159,768814;138,745245;122,930388;228,406346;207,592289
265,364661;335,845112;124,687349;122,50646;135,8253;112,254341;149,942123;208,338525;245,975101;303,946355
218,410176;249,488402;153,293981;119,147597;198,647479;148,742988;150,607498;131,833541;220,955002;214,281194
262,289178;216,608776;155,457769;120,763993;133,793711;151,630788;118,336819;201,796632;269,353699;241,104118
192,160903;196,141944;115,64292;111,975224;182,558478;117,879478;165,883351;146,045418;258,085715;234,800927
243,457022;220,567908;131,205243;134,143688;177,668919;92,136824;153,215429;132,93555;221,372233;306,606697
227,168182;278,625238;117,063889;88,189397;167,167004;109,842982;172,117516;161,127374;228,63541;240,487453
288,102428;247,491626;134,226511;126,307872;169,255113;127,024268;189,941186;271,746611;221,284076;246,447588
314,665358;231,558972;117,446644;132,16559;170,781406;145,256343;350,917795;286,704647;206,0943;147,098234
198,500555;242,817219;143,188351;126,062738;144,53347;102,302889;461,583961;658,858896;188,828266;180,345644
247,963571;213,912448;104,837627;105,270657;153,388859;214,593613;563,5358;699,082778;160,29664;197,006372
217,624572;195,633928;162,382673;140,625441;148,335386;131,150217;800,527076;758,10554;176,377638;185,723384
206,797611;202,602469;174,031736;86,684972;105,917526;134,589043;877,300673;1302,428151;158,306062;141,946676
242,550497;180,866861;144,031555;133,343498;157,52861;90,605416;1154,825604;903,025336;137,288184;213,695138
266,313003;283,443494;162,439245;193,644476;161,090064;138,960661;712,395414;807,309096;113,725769;195,331384
218,07276;253,685101;188,370209;138,090657;174,469966;123,477146;570,232995;372,216201;135,0238;98,736661
234,972987;284,780212;180,249057;175,6858;119,533142;151,852835;230,77371;168,296352;133,837704;123,897054
202,584188;250,14187;153,340838;193,23535;153,649315;200,395299;110,122421;158,706477;103,357274;100,971186
217,929072;175,835908;143,868208;197,032652;137,229751;139,526386;194,825429;137,117543;92,641694;84,874438
229,942236;232,062826;133,432666;139,47616;104,144616;160,043949;177,901068;150,723698;99,25149;95,142729
239,516438;259,208529;152,809121;223,662183;135,985768;122,480433;183,207738;157,288939;88,740895;91,405207
238,310375;195,845601;169,225974;221,3964;156,924087;97,470178;153,408395;187,300094;65,022781;62,909582
298,105876;213,156883;147,249211;199,743977;132,175951;105,199534;230,46336;473,411299;58,287028;65,761298
228,733824;246,364766;195,372086;165,576341;185,216392;115,941837;508,034616;729,897083;67,118234;68,511165
233,463985;198,937706;155,030671;180,18816;91,747001;103,481727;341,030356;404,170678;96,012058;117,85896
285,093036;187,227714;205,954396;231,643267;144,038413;158,485884;436,523652;415,862491;172,346257;136,29354
208,051503;272,273721;225,72287;218,918638;124,665533;177,143931;329,208168;273,669602;177,077967;196,630136
237,36606;327,503787;215,691372;246,978403;132,76302;133,641146;929,087155;1122,645209;184,897284;128,166327
244,723815;333,811579;212,787372;209,520656;138,304385;193,797491;748,776468;279,600371;209,047987;374,524744
264,887355;308,399854;153,07002;202,606245;126,911572;166,256827;273,760421;207,830345;383,85939;428,004527
286,596929;256,308543;141,075055;277,393372;110,823681;154,823869;232,275848;207,003993;449,54888;432,756817
289,985133;235,421745;207,467544;187,9375;122,026984;144,86777;184,501244;171,573117;300,749877;362,595029
291,561177;254,424278;269,655515;205,727498;114,553586;189,783841;136,244166;94,411308;377,282622;495,708589
348,536569;302,243195;208,152319;183,107309;129,740379;88,768348;105,685298;70,956356;326,580453;278,782367
328,5245;233,900143;211,537056;191,26614;101,481778;81,193202;83,376893;74,121036;334,951052;294,875592
268,3357;436,469413;239,717201;170,889534;139,765077;125,695759;71,593926;76,238164;402,791238;411,451208
257,05738;207,819532;181,025335;117,700696;149,206306;174,182362;73,438501;59,242302;521,715858;308,143907
356,502867;196,65158;195,408391;154,486738;123,442349;100,305706;71,862972;104,618102;513,740852;535,930658
281,274167;279,43139;169,469886;168,423373;140,010324;96,297455;69,593416;72,986754;313,828971;427,743592
311,987072;371,489852;183,949823;229,203908;114,922765;103,94174;59,355818;65,353573;350,719621;317,483762
307,59079;370,954491;192,111241;157,333289;149,491941;161,137347;84,587817;69,266008;348,311291;357,26033
384,100592;278,086544;190,060811;191,840189;149,163733;146,424088;57,94781;58,362349;312,251261;245,588469
280,250492;242,954817;208,800176;147,068128;141,849491;115,762376;60,581705;62,05981;330,709016;299,165531
234,023521;190,632964;183,776305;195,580726;144,156443;90,479786;63,311952;78,772276;281,039921;360,278926
177,70522;137,51353;186,924402;184,045556;111,229704;129,58834;68,069958;59,004019;294,382621;233,144718
119,848895;142,305731;194,293918;226,859521;137,90099;106,091959;63,5716;57,795466;288,221405;231,663599
112,021655;105,350994;183,7118;167,066351;142,799439;114,732617;68,096622;107,321682;217,30158;191,016153
120,24262;173,477904;205,734416;142,236882;191,243999;81,452465;71,625433;81,112064;225,605707;153,540753
171,99691;231,307903;176,746761;153,801209;144,044951;196,803456;89,967421;76,979018;197,392224;193,637114
220,70605;204,668979;143,85025;175,357873;132,712215;149,454795;65,098165;81,527504;199,711253;147,556485
202,599802;264,092448;170,978103;205,589665;141,948363;192,434302;67,170195;61,10315;279,818287;370,653526
230,376151;261,570963;201,909715;188,900671;130,567467;87,009092;69,576626;68,333053;637,387816;450,283034
236,854657;295,431532;176,906022;233,434215;101,432643;135,56539;82,350156;88,698179;584,893902;718,1435
285,153437;268,167551;197,914134;224,633055;166,381688;118,946374;76,557116;86,510584;448,412995;358,398427
348,517468;228,308384;234,037803;216,243049;118,648613;213,961539;75,342177;72,794943;428,307655;604,837832
383,207339;308,614178;221,204878;206,830948;172,000801;145,129555;88,189031;66,901929;336,703656;403,043211
292,035715;356,708513;180,158402;234,405231;150,27538;99,02924;87,65399;86,690728;475,354551;566,416309
312,636055;318,053252;176,663072;215,393303;169,472707;131,180423;78,07593;64,872761;443,739561;417,031287
282,008113;246,377314;166,209814;135,64708;141,963892;110,917351;64,671094;70,173628;374,952938;364,721288
284,032955;376,814262;147,123246;194,328444;165,373934;106,097877;59,409125;96,108111;350,20013;271,615234
369,16234;413,031507;152,18806;148,24444;160,239785;209,430845;58,128283;61,95991;397,760655;296,959027
284,217737;423,389974;163,097873;143,385526;98,444963;106,457164;59,373768;68,098572;401,539472;388,10856
303,5932;193,435886;150,774271;122,446965;143,042709;86,639094;86,222006;75,721492;308,464939;424,949327
286,092035;436,310554;153,15429;130,35685;103,208968;119,09303;71,240719;90,075251;373,967144;203,730053
354,925392;222,028388;153,934049;105,70792;119,760995;160,091645;72,067121;58,717155;273,879437;318,037316
323,010119;300,516278;143,076492;173,667866;123,246361;197,630574;56,604644;68,113393;278,640555;279,842587
329,336749;310,58078;159,705705;142,775159;127,657537;83,62591;60,711839;60,594173;309,926877;225,749893
297,082423;409,840626;139,942572;175,264311;156,684206;134,781823;79,162406;74,757414;253,845577;206,734699
315,984823;247,289095;182,581467;191,811855;200,152866;156,71676;66,517503;65,500571;218,900346;209,312822
254,298193;323,758489;167,566234;205,420216;146,33275;93,141104;71,297138;64,665682;223,079355;230,314748
276,025535;314,271808;156,99013;196,996169;141,098216;89,444472;70,514917;57,865362;250,236543;255,176178
312,185729;385,06564;151,23813;135,488552;172,935407;136,407571;66,315336;91,470956;180,454165;230,349618
227,335261;246,124609;125,988919;208,620215;140,139045;190,035493;53,061093;53,235971;274,479037;178,876043
341,907689;389,300704;125,266369;141,413977;109,063736;173,841053;83,85519;75,428764;233,478694;251,424907
333,943141;273,67005;119,274696;157,212513;141,832699;144,027992;49,910787;50,664157;256,697081;146,662642
281,530954;252,611095;129,342142;169,347372;193,391523;128,578626;56,000286;68,008223;203,116291;168,112046
276,203694;290,638991;130,493971;217,243941;101,130896;121,551058;50,405256;72,248983;225,411106;211,401521
277,541435;223,042878;157,278453;129,641518;110,524052;185,166192;66,596305;75,207737;273,628024;248,696392
276,611548;373,601714;148,979792;130,177136;109,601381;125,725136;62,017896;66,159837;159,654042;248,017216
239,742244;217,133459;104,810567;170,752771;104,06694;173,547162;61,138794;61,444712;161,008785;166,721204
202,173215;203,041368;114,93362;123,166239;119,906062;192,011987;60,267899;58,061625;145,021033;202,393537
257,199923;241,099638;154,856475;111,71092;138,768669;138,752529;72,106672;66,401519;192,541889;167,000613
296,704777;226,927444;150,698562;176,960978;121,061265;119,329863;51,105524;57,88368;175,091797;154,840783
240,026639;249,709619;185,50911;148,371919;142,470132;135,974302;59,625293;47,082347;232,851469;193,568511
282,669014;242,105492;135,103102;153,84959;135,985327;109,76578;54,609833;64,005385;144,734991;169,821349
229,099215;227,680552;141,740283;145,985974;172,111455;89,034882;52,089893;44,475059;163,602194;177,694729
221,162751;265,117568;129,754628;134,377653;112,114776;84,431266;55,12079;49,744473;172,415435;229,294935
177,077581;244,478358;152,488546;175,289972;153,174484;175,97285;61,477747;43,571822;164,099175;195,823994
236,391688;216,981625;151,838627;147,00953;134,722484;167,332854;59,337161;60,007685;176,058803;117,763102
259,529794;240,580398;141,296156;92,650445;119,634109;110,173457;46,223162;70,232504;196,468795;160,180523
214,977838;279,970329;133,416441;179,357899;106,030044;113,167927;47,679534;48,755119;138,006244;175,256954
208,461844;126,686086;98,967042;119,282116;152,09252;120,460936;61,68596;36,979313;144,338236;207,998573
223,001274;161,725084;158,866133;115,581534;121,478276;196,077279;56,179048;44,508554;151,63552;132,382588
206,18217;141,894769;151,211747;95,258824;107,090349;119,607358;46,242125;47,879178;145,800778;102,882054
166,556997;211,585366;110,708015;140,622758;115,327942;148,333432;50,10268;50,848403;131,300486;152,123198
137,087874;232,428157;121,510384;149,035164;127,79051;200,488367;55,318771;50,707407;163,502839;110,091446
157,435193;213,996697;114,015531;138,810032;94,194121;144,608501;54,438597;40,122481;148,131518;132,216989
164,949202;120,977992;111,921787;130,810288;141,864726;102,602925;41,553092;56,133578;147,421159;108,607206
170,113088;155,157284;119,110227;129,287729;160,963251;123,609739;60,105157;44,060341;115,827317;165,159799
167,717892;150,55935;120,423963;148,872274;155,901202;100,958721;43,783591;48,730504;178,230952;223,160776
182,303496;196,79521;118,061976;129,317454;146,417526;152,376021;39,495636;58,023988;116,36807;202,735916
151,918121;148,694308;112,414721;115,292606;227,063293;128,895657;44,076685;60,708106;130,255034;145,308875
162,661802;148,253196;123,478597;159,130458;162,661915;200,665061;54,912004;52,27781;139,448576;118,423597
172,596455;137,954839;137,664748;138,155479;128,835484;183,170264;43,556972;46,777459;124,321362;130,645355
173,681355;152,323313;129,665706;110,462929;131,408382;145,17475;53,204399;60,078035;120,160286;125,498181
148,763244;90,325342;127,303493;184,816815;121,478535;102,337001;44,669889;61,35853;145,851146;128,062113
133,14164;136,765931;127,176446;77,638122;129,298248;224,770326;47,414647;42,499556;129,351643;175,458229
132,42972;116,27282;107,21786;111,923783;146,145466;113,953973;39,615498;42,053869;135,915891;118,32843
136,014634;144,709301;121,767035;108,704828;137,66214;209,5742;46,397132;39,422541;127,895599;124,908747
110,61124;98,253135;117,156588;92,081316;153,184726;90,392581;44,820991;40,018917;133,53905;113,750224
87,435051;102,261347;106,614355;124,600729;143,75216;223,270662;39,274754;44,491582;115,678938;121,106798
96,642805;86,921325;155,466472;119,109893;104,525714;101,390477;46,30512;53,022571;139,124789;141,818003
102,190538;95,025518;177,923304;121,270564;114,108635;143,851123;48,829505;48,8427;125,74222;143,059323
92,354204;81,446656;116,816621;138,072098;132,143834;133,027351;40,319349;45,930075;113,759127;109,902591
81,726297;106,804019;144,757336;118,237816;143,261904;72,227949;50,022086;37,875894;122,49543;131,384158
87,068719;69,60216;177,446072;86,936376;142,347896;93,919589;50,809344;44,684365;132,365969;87,798648
83,471302;82,685067;143,119857;137,144113;123,957141;133,792145;43,250732;37,698751;139,361277;103,856334
88,06592;84,210559;149,052039;90,818963;157,784881;178,559518;36,990913;36,750148;141,105317;93,83895
78,42553;69,431876;106,208302;148,092401;114,019528;133,324964;50,175935;35,289255;123,854091;105,216375
77,951552;77,56169;121,573693;91,272234;142,714881;146,103888;41,312455;41,024486;98,478285;82,257796
63,524554;73,474205;148,063336;120,559046;171,027747;122,401354;46,452596;31,04761;132,747259;99,713081
74,183099;78,370923;133,170267;147,854922;134,897917;147,420157;41,181034;44,109335;130,362146;129,708686
71,818267;70,215377;125,805374;136,126252;124,518723;104,093318;38,780381;40,044525;126,556102;122,111771
72,538265;58,838631;100,110081;145,250088;138,401912;120,365284;42,251105;37,457685;129,025192;136,370072
63,198775;60,617168;143,300836;91,78807;148,894669;207,692723;35,377713;35,071749;104,991131;123,765157
64,011071;67,149754;141,651786;135,541905;108,519978;251,991373;35,867111;30,574635;99,770053;127,005459
59,94588;71,590037;111,720685;107,616123;135,835717;142,899959;33,828688;36,051971;107,710403;112,219088
65,986564;68,280612;102,758757;120,331658;152,516403;115,485884;33,03155;45,599677;90,586218;90,167958
71,995466;55,627761;113,213639;99,350604;92,873219;184,467786;42,598919;44,90745;126,660482;84,977277
67,15817;55,915802;98,863905;91,141615;159,687932;141,371535;41,073609;33,504015;113,194193;152,432425
69,340219;66,468012;118,474037;126,212015;117,408047;108,323878;36,225324;34,742045;112,178837;114,347735
60,645064;59,735474;130,586289;136,761665;118,458823;227,526692;33,915644;39,220797;123,993841;103,799672
58,123589;61,451336;108,653756;121,658372;212,497041;101,909721;31,838321;31,311809;118,141674;112,61345
55,569836;64,887424;138,118522;70,170545;100,071353;273,782963;43,44572;40,749184;114,150899;90,106586
60,423116;61,738459;111,993952;131,794287;109,113491;100,854515;32,801713;33,999016;110,677506;111,161811
62,1114;54,424756;108,491839;113,839889;112,912553;97,561702;40,220452;29,634234;115,887793;121,941607
62,505747;63,128642;141,503437;86,803022;152,107427;170,488321;33,798587;41,316877;101,940608;100,444048
63,038329;55,939082;88,625239;119,164852;126,999293;112,393599;36,697178;37,273905;86,012007;152,221031
63,699427;57,225552;94,40804;102,48224;152,307687;235,49878;38,75763;26,726624;107,447138;121,460371
66,285214;60,218545;76,086008;122,840356;149,578422;121,13595;39,399888;33,653908;121,570645;97,578645
62,24086;60,592342;114,214678;89,49172;98,598205;156,287401;39,556388;36,434038;109,389697;112,037656
60,655772;59,388963;137,803346;111,502926;110,965484;184,290885;36,806599;51,431999;107,176053;87,956083
65,211311;59,32302;108,422374;86,860144;149,923084;144,266845;37,855048;28,781929;107,843261;77,771132
61,828601;62,31191;87,296142;121,209423;124,167657;139,83166;33,462251;41,294217;118,568544;91,79369
67,106586;78,182124;138,534943;134,96546;156,912003;146,719843;33,725586;31,71904;102,357957;90,004007
64,776114;66,397354;77,741612;137,933068;120,420662;84,852016;36,35611;31,544547;98,461495;91,290119
66,398737;71,51065;101,913744;145,475719;158,675924;92,885409;36,23068;25,235576;81,230789;104,658965
60,503997;69,547106;124,463553;88,221403;182,976186;108,022442;27,357982;33,722939;110,80077;130,129762
57,510413;58,846787;144,912103;87,357869;117,395217;172,158622;37,397624;34,33347;92,520384;103,502744
71,117295;67,535846;85,92768;144,172389;112,897913;89,723301;34,786107;30,756304;107,342528;97,972222
69,713901;67,580308;112,211937;147,634574;177,835383;116,724681;33,494299;36,31037;86,460505;79,804971
64,24199;80,487833;122,316975;133,654175;153,537551;166,025198;37,442842;28,031501;103,322915;67,927897
69,020721;54,046647;113,688373;132,932635;140,014942;80,66236;25,571254;36,498547;92,647981;80,582289
74,403246;68,074355;99,757163;144,80548;178,95467;135,881222;34,866005;32,067888;103,535754;88,794852
71,6855;71,442082;120,952048;76,09154;161,624544;179,426866;33,688946;34,358043;101,194296;90,794035
67,702562;71,266924;118,075788;108,383384;126,721283;71,357218;32,996647;36,768491;86,739682;95,780946
62,005357;97,668172;121,820886;157,664159;147,530223;155,715146;33,918353;31,724471;91,38887;100,106189
60,794593;79,26295;131,971625;153,834084;132,536862;133,219938;29,110063;32,52602;101,299304;94,861015
66,24145;56,892595;101,057097;104,793976;117,302951;143,199543;27,807638;28,403609;91,566261;80,69781
59,406533;78,667842;85,293341;73,510064;158,783851;193,058143;25,619961;28,62028;89,287552;98,094015
71,897811;71,739327;109,357412;114,815091;113,426913;109,9467;35,574069;28,908693;90,296497;92,338106
72,959512;72,68619;95,063404;99,71138;128,207276;114,523924;33,083445;25,613727;92,550528;99,802642
74,292406;66,138516;94,711851;96,080594;108,556824;102,088419;30,510153;28,233762;98,73236;88,982916
67,069034;64,305614;107,961545;117,308563;108,821089;121,328023;28,169766;33,364341;83,930171;89,332849
72,05052;70,231679;134,291842;93,77215;135,79351;190,153903;31,470796;29,165978;95,71139;92,719758
85,408555;74,666012;103,734427;123,648348;154,397753;189,212817;28,883112;35,129538;84,219538;83,562131
66,769631;72,205048;131,646413;112,939015;107,365189;106,909839;30,716365;32,505057;84,862052;81,880094
78,732298;73,183444;135,770096;99,564448;140,392753;91,21821;32,109875;35,058611;115,190703;88,253395
70,225553;71,68113;123,412909;92,617976;137,887097;177,131879;32,710545;30,556875;96,180319;92,732433
72,504294;72,607892;120,568881;122,61165;136,28267;110,458516;28,064103;28,548834;89,568413;92,621071
65,474107;71,048036;113,990392;124,10367;92,258307;153,275283;35,064606;31,303416;97,089319;100,309892
72,73255;63,588124;94,079625;173,271856;145,636329;103,613186;30,773141;30,231388;78,863373;84,720077
70,486446;79,224045;81,143063;93,92346;141,252831;132,586728;30,017054;30,690409;80,284862;104,479029
73,315675;90,792731;104,013688;126,274245;114,343405;94,584538;32,181333;28,540358;82,57749;82,625443
73,869991;62,114674;115,62868;124,791836;106,736319;143,721041;34,156518;33,341924;81,767054;82,358371
65,979263;91,18706;137,598188;139,513528;107,225558;169,721834;32,976475;35,23466;87,937348;92,559654
78,09066;75,574166;100,282359;94,231238;123,150656;91,1643;28,379991;30,172997;82,548277;86,733891
71,189502;68,771435;113,39998;103,572219;145,548683;189,51252;31,508838;32,652992;76,391911;76,367787
64,576807;95,860682;115,368182;95,774402;106,899178;233,507912;35,530119;27,513174;93,845701;90,650305
73,465721;75,505923;109,312305;97,368857;121,264762;156,398712;27,415432;25,086761;78,843102;80,210963
89,304827;93,075088;97,716153;92,505181;123,321734;115,371458;31,57638;26,671561;85,757442;80,881819
67,74946;86,277217;139,140558;104,501654;124,168001;129,572279;29,899297;29,376128;89,201486;86,230038
74,581494;74,43967;110,033589;134,803317;144,627938;160,620279;32,165123;25,638516;89,74022;90,659348
81,913086;58,727613;83,985683;138,72331;132,208234;149,952989;33,271774;32,046004;72,840105;68,264419
79,859933;65,384032;115,702397;115,677433;134,369722;122,996458;33,225003;28,328115;93,030761;78,287477
75,42666;72,508716;138,179173;124,595401;120,522348;93,719138;29,982487;36,350742;86,090529;85,941777
79,998637;91,461427;69,219424;99,670183;103,510356;99,671206;30,140455;28,444101;81,845367;76,513009
76,135873;76,55922;109,315864;79,392355;165,828762;96,930375;29,453188;29,628068;85,679342;79,017174
63,787321;91,770707;121,571837;126,91162;139,742474;179,039096;28,106469;24,350182;91,600827;89,759009
76,694833;75,070793;104,502862;142,357536;90,121246;99,119898;25,91645;33,277742;78,098323;85,284761
79,168393;70,480398;123,78596;110,958653;109,218601;210,681367;27,195063;23,867034;80,463966;77,506281
94,823772;76,500201;131,499183;146,383062;133,673031;132,326595;33,582825;29,403092;80,809826;77,131207
73,238532;73,487161;113,743265;111,983548;184,307819;122,065284;26,727523;35,572531;77,191311;76,765905
62,058955;63,165938;146,394659;112,922041;150,219866;136,955398;33,446338;24,69251;72,945931;94,277089
65,243803;96,768617;110,755472;142,582217;134,877864;155,826572;27,772424;27,312216;79,619029;98,654494
83,430963;109,569141;128,116228;130,381938;119,172105;130,010772;27,822173;36,776674;81,798904;101,114918
107,558389;86,472929;124,449777;110,856167;144,312379;106,421172;26,020691;26,828414;71,202085;72,781397
86,922068;104,333707;103,759793;56,49607;127,110197;138,223256;24,933163;23,010281;87,631508;83,36044
83,462132;109,38037;114,777754;87,877212;80,006066;156,701048;28,608111;29,113633;79,008265;69,832003
78,875429;95,425395;125,753952;98,971476;122,706505;143,863477;35,266456;31,81356;78,189977;91,637161
82,251791;60,816636;126,965367;122,44262;115,326663;155,229605;29,120137;36,875122;70,275293;105,712585
80,644232;61,248412;105,094513;102,214402;137,619241;140,498576;33,647078;25,595776;62,185939;106,684202
100,177025;114,685536;90,711314;129,468925;129,226235;132,778045;29,748507;25,952591;75,968998;56,366746
97,035705;74,636678;89,787156;109,756693;141,134617;103,443848;28,903352;38,257965;84,603335;89,88795
75,813964;96,463331;73,665931;133,251876;131,746513;86,334963;28,813372;26,568171;88,313799;100,895667
84,65548;61,526271;112,621226;132,272519;126,449068;95,236059;29,552603;30,035399;91,204041;80,816943
80,998306;74,011266;84,597535;95,268684;117,521698;186,803996;27,167838;30,097826;82,82918;62,624431
69,99457;94,865711;135,7308;112,205427;115,193774;86,954675;29,646602;30,2651;80,612781;60,901361
90,628649;70,464778;135,507182;127,288269;102,044113;93,903635;29,38087;34,410246;74,078236;103,626701
85,767069;63,940848;101,769001;145,811362;148,659926;129,236032;27,788326;25,967246;94,957629;83,18928
87,024768;144,538299;116,804322;106,252444;164,978879;139,285118;32,737042;31,027411;86,68868;70,835924
92,915471;107,825995;146,985907;108,433224;112,391414;114,046559;28,643408;24,954622;89,069963;75,61661
98,545324;60,055983;120,212274;92,534232;122,401295;195,92295;27,863713;24,689977;70,483698;87,403743
74,550906;76,221238;91,688297;153,811834;110,79245;83,833768;25,626863;27,640532;77,681177;98,958087
98,128975;60,857103;128,242924;125,376305;114,859041;133,044279;27,207113;34,398899;72,370317;94,962244
97,384388;85,638361;92,173252;142,292189;132,973695;144,623527;28,195453;29,138321;66,575851;88,413768
78,800332;61,867115;101,899011;170,769088;96,846237;169,7921;34,409678;36,26582;61,821201;79,912033
128,889209;101,628664;94,044879;113,188306;137,176325;119,578827;32,717794;24,956868;62,169328;75,121455
96,307283;68,505828;106,083991;119,395558;118,877306;130,254889;31,953317;31,776985;75,991053;93,550436
88,935801;112,857914;115,762072;122,810307;120,519582;99,007083;34,27434;33,349721;65,139582;62,224175
76,399764;118,876681;128,945967;172,260489;134,605183;153,070454;30,5915;26,345289;62,011227;88,847372
67,719043;82,818609;109,050599;92,584322;96,986918;118,635534;29,636918;34,308377;68,060695;85,572758
85,915882;127,16273;123,332634;131,813419;123,275567;125,694098;29,725226;27,546735;72,59921;73,687848
94,616975;58,879241;98,883934;126,74459;149,049892;136,067063;26,409131;25,413505;91,429461;73,541133
112,539845;69,299586;117,502563;80,581737;159,189854;156,598984;27,049021;24,944952;79,866435;73,324301
86,248772;62,336846;106,664377;165,191083;159,707314;154,227674;34,125515;34,069221;53,355578;94,126596
71,866041;79,622675;103,695728;95,617853;145,622206;72,528568;28,984194;25,887295;82,311598;91,056959
89,398159;111,455008;129,905532;129,995168;131,643743;89,88688;29,342636;33,69217;64,165236;73,160665
77,273922;85,567732;118,38313;147,936201;102,114161;211,811523;28,443758;27,368145;65,756814;68,694443
92,926278;115,229808;129,92109;120,656764;126,413962;139,225111;30,700123;29,87617;90,085933;80,140684
87,09337;95,520236;110,621723;99,633819;127,690614;107,014403;29,764292;25,004713;56,742001;82,962948
82,8322;107,55922;114,828822;123,026104;91,767895;181,369322;26,153842;31,391492;90,107022;65,343359
99,724793;114,61674;130,83358;88,529063;164,77413;114,166394;27,411049;27,914118;90,418008;65,255016
81,018414;77,751288;131,794455;152,184378;137,215164;158,83787;28,260117;35,232179;71,647055;86,958992
96,164249;82,62622;108,759679;134,435129;133,505091;106,003473;29,097713;23,54659;92,003607;72,380686
93,493174;125,97706;127,935409;126,228466;130,414624;185,383507;27,897275;23,926439;61,476319;65,419209
103,317884;70,024741;93,466553;142,360563;176,448182;125,086923;33,401085;29,106628;61,620594;114,250259
77,352229;103,700241;97,323197;140,248906;137,929323;92,235401;30,386969;29,811549;76,281024;80,46747
88,974107;91,42464;125,409503;135,293314;105,272485;138,531121;32,439692;31,47502;91,855438;104,832604
97,328119;69,69886;109,427139;78,579592;127,971655;168,987371;31,435905;30,554305;72,119716;86,550963
94,429086;83,348678;119,267085;103,094441;143,65565;158,522131;27,590409;33,0657;76,870302;93,507068
82,793501;110,170812;117,890072;83,429102;110,670986;162,502983;32,195455;29,956298;80,432076;113,873799
98,253388;120,993836;106,811921;107,494315;198,20953;119,393139;26,292974;28,695847;60,007473;89,986556
104,001139;69,963876;118,366039;109,471044;119,183015;151,699273;33,152103;25,856873;64,750073;71,630693
118,435773;117,779967;127,461873;99,386286;167,602386;121,926336;27,015645;29,490618;77,326451;103,142383
86,924807;78,456117;117,916169;98,441152;175,730525;140,927531;28,972877;33,761747;60,374233;119,15648
97,470941;100,737721;110,971462;94,477551;122,42415;103,817739;27,279079;24,864749;71,897569;95,553325
99,540669;96,72418;137,101936;68,521811;121,804667;81,827919;27,950685;24,529438;83,707613;73,872599
112,80783;77,744793;89,528125;118,149041;110,024935;115,01002;35,213527;27,411549;73,443837;77,115277
132,832028;77,972953;125,228453;144,631432;138,913562;85,780596;26,063288;25,57651;81,705289;80,437281
120,675355;120,402728;120,383217;200,283387;111,185618;134,15241;32,88527;30,576765;64,612318;84,335233
124,045637;111,420532;95,049228;172,210011;115,923979;104,402477;26,191576;33,944191;73,48617;61,618524
112,176499;70,658102;72,968984;141,138475;148,714837;177,649528;27,716092;30,17225;73,96281;65,802847
117,31344;111,68524;117,712543;102,531732;131,306561;157,666771;32,295863;29,191404;64,652015;71,566774
85,319163;69,756395;118,912318;122,479817;127,700074;122,872445;28,914044;35,088834;72,510662;77,405576
111,972753;98,901004;132,818378;89,894163;103,465298;136,692034;30,295457;23,796524;53,753472;100,11122
115,778543;125,035597;115,84336;146,371858;112,859051;93,064375;32,387792;29,096199;86,437252;53,427064
91,427589;120,318521;119,516073;99,098696;111,964347;185,032929;30,212045;29,4701;79,489563;61,605876
99,460505;103,910493;113,833896;111,906442;144,886639;163,209382;28,297172;31,772804;97,707075;59,345135
97,354904;98,056943;110,644444;158,103396;105,464546;116,634787;27,919641;27,162701;91,384836;86,948064
108,815139;120,265312;107,790086;110,812925;105,117505;122,194371;29,922849;28,447845;91,66495;79,063554
106,679201;107,052447;126,408757;105,391741;179,98861;127,961789;27,560463;26,009701;80,302679;118,192628
103,509437;136,522528;109,491262;96,340275;101,366412;139,773834;29,117059;28,94449;77,034788;79,127773
99,78144;128,873916;115,572195;138,747811;121,135617;94,06843;29,248997;30,371132;69,410382;50,883735
119,720836;90,292367;96,654027;93,299652;172,356179;107,214878;33,306884;34,664162;69,481238;72,247302
84,808861;121,523195;114,634096;114,627355;114,801055;172,100975;26,799108;23,659836;69,384433;90,446763
129,57893;111,188826;125,540177;103,093611;144,394052;107,492067;30,283877;28,244932;68,723789;55,778044
130,412761;88,752369;113,605179;87,956293;162,393576;119,998897;30,704639;28,647833;72,487397;91,020829
106,454904;166,943963;120,64711;78,517689;159,653742;158,847465;32,656146;24,850021;71,764648;76,596812
104,988953;93,174525;101,733479;146,081147;128,559866;104,967185;31,214468;27,039986;64,043602;91,604076
111,499389;118,478519;103,176478;126,784502;118,918075;81,524527;28,904795;26,326164;73,62174;72,313153
112,520297;121,81953;93,729553;108,126617;140,032256;168,915098;28,759184;36,975479;76,387132;110,958298
122,15324;90,089795;115,792225;118,173356;118,716318;97,005361;25,917724;32,103355;76,662814;93,488187
132,990934;122,395575;110,885483;131,671299;122,225815;112,244524;30,099246;24,871603;70,228111;54,75749
85,12735;97,517763;102,877506;82,03526;125,882257;125,212301;31,22068;27,974658;74,086805;89,211248
100,383259;90,090393;96,705112;121,481689;144,969617;79,534872;30,28952;27,929121;73,567751;61,421319
93,949398;103,822768;163,521068;94,181081;106,577602;109,988946;35,119987;27,188345;76,635711;75,748818
99,128436;97,468699;121,231621;132,127629;100,641775;131,126118;27,233796;26,353334;62,140959;94,765468
98,351643;99,646485;118,243178;109,5372;150,208165;85,231067;29,534365;28,242343;74,921782;109,726188
109,457146;114,090444;117,88308;120,578075;126,587696;176,133699;28,207552;24,667565;71,263796;101,428405
93,036902;80,895956;110,576168;106,434087;109,074281;161,707997;27,591286;23,264361;61,015214;87,363952
82,886565;115,186026;132,673384;70,885718;143,802136;110,973815;33,357721;24,718667;84,911385;88,436234
92,615379;107,609007;114,906508;149,549273;130,592458;194,755967;24,357971;24,76241;69,529246;82,483729
102,009337;90,412517;100,710424;104,094213;145,070736;108,169882;30,760229;25,642457;95,270707;89,854737
80,474388;85,455778;125,510486;119,332037;164,451929;147,696122;27,113089;29,886208;78,990138;60,956799
102,660375;96,384388;131,300168;134,513201;94,607651;136,798162;30,89499;27,671175;82,760187;89,881686
108,048381;76,939272;114,870581;107,229715;149,059622;123,593943;29,071274;30,623303;81,667338;77,355303
100,770391;107,08498;137,158481;110,055827;121,549201;210,827426;32,400457;31,795388;75,403668;111,190165
93,068549;66,585683;122,32677;131,159495;119,623297;94,204991;30,111193;33,159849;76,89819;76,555868
78,839021;100,018814;101,292509;82,560528;104,180031;91,549229;28,107042;25,187683;93,501659;74,99387
95,969952;84,0099;119,587921;104,432747;142,279927;174,201702;29,333946;31,631579;80,114448;109,125279
94,265867;127,196907;118,048457;108,292053;196,179945;183,434665;28,617677;29,13973;86,602691;88,769586
91,07287;80,390251;118,204402;73,878086;127,311375;103,082638;29,529811;26,822319;77,96835;108,816163
91,646943;96,262348;100,944524;108,257457;86,397095;145,082773;28,629644;29,362525;101,904152;111,160238
91,563019;104,843906;106,85807;117,262991;93,995573;158,351922;26,364578;37,778928;90,625043;82,263559
82,402905;113,219255;117,584915;92,63702;146,536017;151,250821;30,219934;23,263311;83,185116;75,688423
104,4871;96,718589;134,530573;125,098303;134,633466;169,890766;26,847927;31,004896;93,624959;70,832422
96,469656;81,901071;150,376231;110,974149;129,68147;126,535279;29,257838;41,83107;79,23759;112,593161
108,501671;81,577302;119,398203;109,596558;127,390522;124,620903;25,851941;28,159007;76,728851;100,839378
75,053833;68,827175;125,170628;82,67548;141,018272;158,120623;28,731356;25,024042;98,737815;70,834797
103,375367;108,449597;145,010741;91,622086;132,828079;142,71134;26,698422;23,247648;84,238943;56,508958
86,492321;72,392411;93,3212;85,381497;102,321518;139,936141;33,31795;37,60165;78,363051;87,453462
64,721288;77,195836;115,735857;159,871507;99,488812;135,217145;30,393176;26,654751;122,695035;62,90058
92,298717;80,935518;156,362056;88,502786;103,925427;102,508547;31,645958;25,196045;84,36778;104,350535
78,398235;97,532809;115,605975;133,074247;121,12953;101,559198;27,056796;30,632405;83,129215;95,217937
84,769697;122,450396;114,977182;123,091655;117,642378;147,046823;27,592963;27,399247;76,383114;93,114584
76,087828;86,400177;126,599766;89,097252;127,877756;73,952009;31,578198;25,629578;79,819426;96,965361
88,154982;67,71806;131,934147;161,563706;121,721966;139,544782;30,937408;24,505029;96,724234;92,741309
89,682082;67,211364;105,571559;67,65388;110,624707;74,67409;31,905536;32,003653;118,162538;63,656999
89,714639;75,977981;116,893815;113,847566;130,085518;142,361731;32,644574;24,521063;85,69516;97,722623
76,375017;64,137557;116,847584;130,255339;102,716338;141,385548;31,16324;24,266596;94,90977;72,060488
114,291552;78,958673;142,809926;113,011094;150,058972;91,022407;32,111773;30,055213;101,15237;94,868984
84,203181;74,030083;116,989674;128,479991;105,638733;122,079662;32,71739;24,843281;90,423329;69,625371
83,842287;82,72427;155,7143;104,88004;96,809038;84,839428;26,983203;30,867788;83,417544;96,153654
86,401017;126,607256;108,863794;119,617902;135,525308;136,592875;34,086239;30,177298;78,466304;80,348251
83,794614;63,887326;103,569926;126,888824;125,009575;133,421629;29,466242;26,823615;87,066509;74,486726
84,123361;95,793637;121,480456;102,750726;116,455552;91,226424;30,719633;28,746512;96,430514;100,967707
75,223784;88,21628;104,013495;139,464923;145,105978;87,029004;29,093496;27,679317;65,795087;62,014023
79,289337;105,882452;146,32826;92,860536;95,955118;105,504448;30,096056;30,137827;106,547528;89,493178
113,95888;93,956629;126,182581;123,445978;96,155345;135,698636;28,581052;27,348039;83,258036;99,34742
94,807372;70,980479;106,048051;108,541975;103,341799;103,936089;26,44171;27,022539;73,787375;71,52307
76,908549;116,492376;113,915436;68,194538;99,910224;145,065679;26,106262;30,982357;58,959916;118,173062
81,268543;78,217761;132,802461;147,957854;130,63481;130,919976;27,642085;32,389769;93,643788;109,818347
73,386114;53,844243;132,863241;104,229307;113,079518;74,692135;31,403293;37,135307;74,909716;75,320365
83,196229;82,491414;169,4129;108,666958;93,052096;109,797934;27,503091;26,567704;72,562305;115,121079
94,457872;69,999731;91,408389;138,996632;103,862377;128,513088;29,399011;24,689318;90,900291;99,450176
97,556853;71,18256;114,504797;138,403416;131,180966;90,284207;26,502372;26,746608;69,258817;85,618755
58,701405;73,919048;102,422977;99,484551;124,526094;138,897752;26,203182;29,406339;110,744102;70,596775
71,995645;79,017711;116,896504;88,403932;115,044943;143,899128;26,467488;33,02704;92,633409;83,801275
80,786548;77,364736;126,39277;146,215597;113,396151;109,335203;27,534998;28,692321;87,982726;109,504064
82,360978;71,576523;88,799476;142,991734;158,369317;87,811143;28,711595;34,120508;100,697428;85,748476
86,719522;57,445168;125,693529;120,449068;130,589401;148,579998;27,978685;23,957662;59,221665;116,70186
74,612382;65,583706;106,777694;95,111487;135,420676;90,177979;25,932945;30,129025;85,124061;121,622219
98,269226;92,480933;148,353826;156,69446;103,75126;104,825981;28,355562;36,192055;92,515357;83,955276
73,993007;84,268066;120,919138;116,446191;120,665435;168,249549;36,532598;30,790545;77,474114;82,664388
72,196534;83,982996;111,415813;102,146295;107,207034;107,263443;28,126653;24,158762;81,445043;71,102481
74,859671;57,353716;128,975207;108,846197;96,366474;116,358648;27,265795;33,147504;112,60766;75,596551
78,967807;105,194399;144,500995;124,335628;128,251895;88,921242;31,040798;26,013349;82,655012;56,093504
70,124881;54,506618;145,199578;153,61267;126,612861;129,970546;25,795068;28,138654;75,513283;96,075316
58,094304;69,781687;156,808297;171,192943;112,575155;138,897482;26,732598;34,897747;84,662871;101,694362
66,049204;72,000878;111,230229;128,903148;95,854206;135,74333;31,642518;28,030527;100,46612;113,566962
62,955527;81,403436;118,252491;110,752875;66,654655;102,289156;28,347376;28,465247;94,360567;78,286928
82,009901;79,13732;124,599574;113,185832;135,497517;76,413701;25,59896;27,215675;81,110595;66,039784
84,010171;64,346008;133,1125;138,540095;118,640796;159,250357;29,015383;28,269476;83,051125;109,926193
72,412971;71,04899;103,75126;111,965974;72,478307;82,252386;31,39727;28,032694;77,056344;79,170137
78,498322;94,247946;150,728395;131,216822;106,232198;99,605902;29,946211;30,971106;101,887901;118,753003
81,544947;62,587359;138,945621;130,116467;117,364868;63,917914;30,317202;29,384029;96,997012;101,133995
72,385906;80,101009;142,422111;98,247335;125,670171;118,110309;27,301607;36,895863;107,663204;79,520445
78,677859;89,368596;115,64169;96,160306;141,572991;63,830623;35,27991;33,921582;97,889345;56,204954
73,971776;99,258733;93,99467;140,495444;135,623134;90,394597;26,954502;26,950075;96,419619;66,214858
80,457147;60,343516;154,471892;135,865266;80,219535;104,379855;33,57544;34,842311;103,0468;80,12429
56,784178;81,831379;128,607417;96,329012;122,050103;98,57067;31,191816;29,483394;103,227254;93,780222
66,584978;72,689816;129,891297;90,22548;85,360331;120,551889;28,685576;25,981458;91,990994;79,677286
69,221178;83,012212;99,128519;111,12193;113,102943;96,379787;27,637268;29,311552;90,825144;59,190759
73,659807;89,531809;120,135113;98,670847;96,49898;100,95009;32,045133;27,50123;93,862431;70,085752
75,178001;70,53528;159,103988;123,355272;117,361872;125,302612;30,652622;26,5554;98,427855;65,697326
63,683639;102,995774;98,86509;118,506514;109,306828;73,681644;30,780501;29,428396;78,26835;65,824496
86,83942;62,032589;92,184885;120,132699;107,204011;74,489734;29,266031;34,762906;77,231591;92,131552
61,341712;61,544409;102,451222;126,199522;87,917267;121,513129;29,698522;38,083223;84,931178;69,152516
60,345208;64,141544;117,908161;136,827137;103,732857;126,780898;32,497018;26,907117;97,242389;89,095624
83,794935;73,133563;126,96114;119,198886;111,131905;128,725397;32,844371;26,172805;100,976843;98,517231
73,701128;75,791039;84,130295;124,797096;75,336474;114,083473;33,520119;29,722954;85,045675;129,154924
61,632956;71,961809;125,554051;125,655475;118,843636;88,301798;33,935786;31,008096;86,693681;61,230429
70,77196;83,236423;136,838297;126,0879;77,385285;120,245911;36,65187;24,231312;83,637586;97,681761
83,024608;80,840374;105,57152;88,793167;103,28771;114,962831;26,51307;31,012913;67,958542;84,252271
64,362388;59,578308;132,179397;119,539994;113,146499;124,296416;27,539364;28,066712;104,196452;101,623392
72,914415;76,895251;128,142358;84,579748;125,409828;80,171669;33,693166;30,536187;79,524356;91,001979
68,882068;76,932423;131,144309;133,10231;122,365881;109,217044;28,735261;36,249436;60,164551;119,881354
71,326551;57,185768;143,328601;139,053672;116,860834;80,494687;31,033381;24,293924;76,307629;84,297999
65,165637;64,414323;121,381826;87,233002;107,553363;85,996037;32,867313;32,829253;65,197918;148,589626
69,229484;66,723027;137,959043;104,35496;117,445148;100,30626;28,943747;30,397852;84,311456;95,992948
71,342454;69,715702;140,691574;156,628475;89,835838;91,875576;35,645017;31,762218;92,296875;56,708458
74,024008;68,922469;99,116406;164,944109;96,718835;79,860612;27,636967;27,529903;79,76193;139,873268
73,84537;70,967097;73,561157;82,682261;115,183772;79,084215;34,428147;31,01251;93,015698;89,285568
87,390394;81,25064;130,484276;113,577936;111,418757;95,560345;32,566546;35,254115;96,384779;97,47316
86,799101;81,819271;98,88078;117,217009;106,231934;90,132768;33,83972;42,324343;99,894648;98,467169
74,048369;78,238702;119,368135;89,419797;87,168774;98,471882;29,229226;28,175002;76,227704;80,926642
64,364952;77,968586;152,756688;141,025086;112,246182;126,025823;31,604329;25,722077;105,008649;71,680115
61,090868;77,319254;110,688151;122,89111;97,098025;74,947829;34,958347;27,130036;103,380808;88,155769
81,736891;65,252067;102,666607;76,829126;108,882013;81,696753;27,616972;23,586827;86,392264;74,201943
66,732262;57,832454;121,708643;173,18711;87,701583;68,41791;32,10525;25,691798;107,126612;68,257637
62,16055;68,421841;103,129694;87,020519;89,385067;60,901795;29,644992;25,099771;102,663321;116,432889
74,98053;61,543587;81,95515;83,315399;91,106178;56,315059;30,388617;37,100367;110,465316;88,119166
74,413456;100,376012;119,607937;149,732754;115,173906;92,277011;38,04569;28,871535;105,113909;82,856194
72,873801;46,351412;99,350638;109,364545;99,311793;124,676725;27,902025;28,345645;86,44598;121,925322
66,537228;67,225779;93,219442;98,501164;82,83665;101,556331;28,518101;34,651248;86,16045;136,171338
59,515952;66,78549;96,231894;139,981084;112,061298;76,033689;32,965876;33,270536;82,651976;95,263039
55,967041;76,077384;117,757167;134,494098;106,439566;83,143799;37,914134;33,826565;109,492092;79,405129
71,031206;78,244931;111,350683;99,217997;98,716364;79,830329;34,187158;28,462211;102,141626;114,028613
84,301076;103,175926;133,314505;95,645771;80,057016;80,049892;31,512856;33,102413;78,718524;78,858324
65,150573;97,512963;107,14317;100,155487;73,395059;93,132245;34,376218;32,892486;114,406614;97,170058
70,813721;76,961856;147,582225;151,573238;108,248232;65,892738;38,087342;32,726423;75,880019;90,681139
59,424439;50,412382;137,150536;122,149817;88,591883;119,467261;31,21326;30,872472;86,172151;82,471254
77,034108;72,957548;118,259117;112,518121;103,279564;102,676944;33,45147;25,16048;124,849362;69,269928
76,265203;57,44746;132,084618;121,431645;114,811199;97,09785;31,871255;31,019458;84,711944;70,269707
81,378802;61,266258;143,651368;106,186749;73,264644;116,372034;31,915989;28,506019;91,320647;82,397034
66,973009;45,771743;112,381353;111,381262;87,866672;71,251906;31,102115;34,797216;67,69348;81,838831
62,163504;71,955616;129,721559;149,20999;101,383417;77,944225;33,34802;33,40403;106,279269;64,117074
61,14753;55,71158;121,616449;161,741707;95,271452;98,80008;30,995003;33,793669;85,161775;146,272156
54,164275;65,882071;123,300609;123,824221;100,013241;134,71232;29,343506;27,289105;86,841594;81,595326
75,172242;43,485581;128,67908;117,660553;93,096289;102,93522;32,204343;34,191543;85,249541;56,880535
73,47734;82,834615;109,041538;134,074024;93,933399;108,81586;28,262215;27,918808;95,146852;78,015852
56,770639;74,014527;113,432207;98,683707;85,527055;110,011832;32,501297;33,899862;90,11595;72,52224
71,494725;62,363636;118,786915;121,794394;104,76492;103,691339;38,769783;34,389421;87,780755;114,73662
76,707549;66,679212;126,921096;176,472965;72,12719;79,187881;37,584539;33,708606;74,115788;84,595065
78,619864;64,902856;125,116517;118,440697;74,679375;94,799622;31,720633;30,367438;101,423337;107,121824
69,87194;61,282905;89,275451;89,294109;92,41176;95,317001;29,163686;36,467877;96,754748;119,09849
71,543176;77,849115;107,53448;132,207621;74,236314;86,877077;31,524581;28,425993;80,362326;81,952354
57,335395;63,935116;131,944744;101,220261;102,408469;94,044681;35,190357;38,927388;89,502477;85,785647
69,965879;58,444905;116,610128;93,940821;80,680639;87,02112;27,153592;29,123334;78,445788;71,517123
72,020844;60,757401;115,446853;100,891077;109,587838;60,351482;31,585153;25,807165;88,005207;99,080585
57,064779;67,514003;104,950714;101,399757;85,839861;75,255077;29,981962;31,25548;73,884252;79,291389
59,368165;54,33398;93,915633;124,999258;97,184142;77,546853;33,124154;46,670729;69,694971;100,433759
66,328902;85,625345;110,125322;96,832033;87,7551;90,521748;37,518516;38,781772;97,028294;93,587821
67,699514;51,885338;133,019395;129,568492;86,383705;107,081;30,862623;24,386071;110,940364;84,081039
71,082327;50,137876;100,427503;137,967897;101,617022;89,585242;28,502744;27,373631;94,155063;89,666922
64,744681;53,643989;122,939681;103,629549;95,275594;72,082945;30,146167;35,332543;105,637715;69,836858
50,385344;52,243048;144,801128;98,725732;103,752135;127,270488;29,052049;30,726768;115,29731;60,008056
54,659036;47,43205;92,879069;123,105506;65,313858;117,246593;33,607387;30,825317;95,846599;53,719982
62,60357;72,865979;117,76009;77,338213;110,419812;72,759242;29,829665;33,279211;80,789701;112,529483
79,379234;60,614538;115,099806;100,947026;84,476026;101,680495;42,413214;30,038554;82,7501;78,496061
56,170853;65,280498;108,02252;136,999825;99,982617;82,356865;31,993017;32,286778;105,293646;91,801706
52,650673;61,09863;96,416357;78,34535;111,189727;86,569641;28,808573;37,958739;98,622326;52,733395
67,586196;67,564356;102,003252;96,684662;89,459368;94,015063;30,108816;32,630831;96,299698;87,792259
59,340283;63,701208;114,211225;85,320604;96,991376;90,61735;33,811964;29,913215;66,988915;114,805907
45,368964;66,301319;97,176036;95,573975;93,695074;75,644182;34,478147;32,668543;82,647131;84,042548
62,35893;55,681928;74,079299;137,905597;96,526639;92,553064;30,609964;35,372713;104,606752;92,935649
67,72448;71,622393;151,475701;104,276025;81,163995;85,242434;28,64744;37,117344;113,199283;137,271609
61,708204;52,798288;113,57134;84,868831;88,653117;85,200828;35,949264;31,336376;93,071888;97,889303
52,820882;82,416215;115,674682;122,458795;100,414678;93,809854;37,732483;36,860521;89,617588;108,895373
53,543888;67,013782;83,991888;87,049152;99,831083;90,958566;31,768232;34,815211;92,424649;64,654979
57,702073;79,313679;109,724227;129,266432;83,616577;87,243974;32,894215;37,67253;83,826125;147,738336
52,810066;47,337118;112,167063;90,896602;83,310362;114,084789;36,144417;36,479561;132,690661;70,745325
47,091058;49,449372;121,717676;110,770495;71,901823;104,969329;31,308562;38,08744;97,064318;152,945747
48,100406;77,300769;97,106321;95,786866;75,916567;81,608538;37,266387;34,215626;105,834122;122,941805
60,239424;39,116967;92,897294;86,080158;75,229974;103,21925;31,303247;32,561765;86,839832;136,19934
53,767255;64,753168;128,204997;130,671882;90,711342;90,880437;39,596417;28,05274;73,663234;88,748253
57,7895;38,372119;101,997659;77,957335;88,034985;61,431767;28,915625;41,150368;107,764888;84,208409
57,989498;50,531104;112,080179;99,186481;93,350221;90,027275;33,485521;41,312083;95,266255;84,983187
51,173381;51,879042;101,208254;108,54636;77,274877;98,673254;44,210867;28,595979;88,281129;78,470718
44,746179;66,47216;79,801922;89,137068;119,182172;77,849701;33,271468;33,335404;86,641617;56,437509
57,806261;51,589107;100,289233;118,813183;78,907486;90,328619;32,967064;39,178371;95,281855;114,141182
73,261835;66,543241;93,367493;153,481716;73,408324;79,885854;37,922345;34,400532;126,975918;90,482215
51,61872;58,046867;106,638977;95,513612;82,548344;82,018263;41,456061;33,895995;90,421984;62,291247
57,291136;62,822224;83,25793;102,686504;90,681277;89,814841;33,341726;40,941747;109,564126;80,717189
64,601423;63,35829;83,514603;78,104823;122,416028;137,424121;31,402166;28,498371;104,997214;87,912028
63,631455;53,13105;82,202169;126,266849;67,708204;72,498458;37,996466;34,974652;94,064606;74,078803
54,283215;75,207582;98,365274;121,582545;69,493393;96,016006;41,99569;32,168241;81,837451;80,754164
53,58807;58,728702;104,055345;91,258738;80,908385;88,823304;37,311242;27,014705;90,681707;63,547663
48,213688;63,406565;88,679899;98,088403;88,800963;55,515301;33,479813;33,087331;103,362035;85,537943
55,186166;42,85749;100,17978;105,998656;114,607039;59,344146;32,691708;29,073963;97,279648;129,385001
46,504454;43,48425;90,83631;79,445784;78,849539;116,954215;31,463073;29,63759;80,697152;70,600258
58,685254;57,110621;100,930437;97,539713;65,509488;93,894214;34,318155;36,904804;103,056305;90,737496
51,134128;41,943437;96,391572;79,18448;106,892123;54,457322;29,294924;47,927808;83,349837;104,29646
54,557164;54,670481;81,465836;104,265227;97,904605;62,737711;30,367467;26,313937;94,088737;94,928537
65,036655;37,149783;84,86403;115,262784;79,874248;68,760025;34,176959;25,485427;94,381987;150,566428
61,697951;48,555033;95,061459;91,523947;78,56474;75,749773;32,986292;47,77398;102,492187;61,787521
51,080852;56,511748;92,933355;124,700416;81,013751;90,540666;43,461552;44,527038;93,98488;65,140375
44,730776;59,392818;100,763817;127,865273;84,994002;72,87096;37,663272;40,778763;79,443998;66,606738
60,696142;41,640449;104,810289;81,665694;59,847066;82,491101;29,200303;33,068486;113,956205;86,23616
55,05865;50,83062;86,874906;70,167814;93,25595;107,558166;36,369885;39,519299;74,18433;117,306692
43,271276;39,39329;101,070496;94,761306;72,849659;72,005209;34,354489;43,118888;84,332073;103,73631
53,809241;52,721883;80,983124;118,188162;85,828486;79,304748;37,406449;37,057232;95,618029;95,897646
55,585726;43,794084;108,252341;98,973299;64,554227;75,205776;39,509953;41,37025;109,481497;94,314458
47,889815;37,97959;92,119577;98,742339;92,295854;81,182585;36,703263;33,641064;72,582291;124,475842
54,462736;43,307601;99,400169;107,101955;63,452574;48,675096;34,251404;49,491518;100,2883;60,144006
48,588947;45,231249;106,240944;89,474575;84,907016;75,156557;38,445316;38,206986;69,218087;104,777403
50,690957;58,814235;93,156105;105,402806;75,535293;84,415003;33,444434;38,68849;81,034931;118,943753
58,29391;56,638248;102,834439;99,139036;90,806621;55,087492;36,073569;36,234901;102,224321;73,58072
51,490643;40,699658;94,384675;86,317321;80,659967;65,855751;36,229401;39,754584;112,168275;76,281819
