Training Set Error;Verifying Set Error;Training Set Error;Verifying Set Error;Training Set Error;Verifying Set Error;Training Set Error;Verifying Set Error;Training Set Error;Verifying Set Error
0,261297;0,25188;0,397048;0,188181;0,261748;0,18104;0,298353;0,235073;0,267722;0,228375
0,239433;0,231784;0,186936;0,178612;0,176385;0,162245;0,189297;0,153061;0,205341;0,180056
0,217066;0,209921;0,169322;0,1753;0,16014;0,163967;0,133073;0,113579;0,179471;0,166752
0,205561;0,192879;0,167959;0,161532;0,153378;0,144159;0,109077;0,088347;0,160349;0,151059
0,189153;0,179912;0,163505;0,152802;0,147242;0,139761;0,093022;0,094008;0,145749;0,140919
0,176032;0,167722;0,155158;0,15225;0,144453;0,133948;0,08779;0,089023;0,142263;0,142835
0,163493;0,162364;0,14742;0,136751;0,134408;0,13134;0,090703;0,089602;0,140212;0,140923
0,154753;0,149079;0,147271;0,144717;0,127832;0,133703;0,085672;0,092746;0,1377;0,135018
0,1465;0,143794;0,143931;0,137948;0,126112;0,121249;0,08654;0,086802;0,136408;0,134447
0,139317;0,134281;0,137882;0,13201;0,121991;0,117214;0,087983;0,087756;0,137945;0,124977
0,132715;0,130247;0,132658;0,133441;0,119607;0,1122;0,087364;0,086869;0,130707;0,131494
0,12769;0,127204;0,130115;0,130867;0,116338;0,116198;0,080731;0,091148;0,133709;0,125584
0,126292;0,123038;0,124437;0,132929;0,110992;0,110559;0,08419;0,08263;0,129463;0,125452
0,119295;0,121964;0,129012;0,117875;0,111004;0,110625;0,081306;0,085136;0,131762;0,120679
0,117076;0,11748;0,121037;0,120629;0,110441;0,102952;0,079971;0,074847;0,127266;0,130842
0,110754;0,117143;0,119026;0,118562;0,101492;0,101719;0,07688;0,080125;0,130814;0,135413
0,113666;0,112355;0,114775;0,123269;0,099748;0,101852;0,079854;0,072738;0,126275;0,13658
0,111967;0,110363;0,114149;0,112289;0,098938;0,098689;0,071014;0,080318;0,131614;0,134206
0,108036;0,106213;0,115623;0,113975;0,099127;0,102093;0,078364;0,073958;0,133308;0,135424
0,112916;0,105554;0,112042;0,107089;0,096019;0,090075;0,074858;0,084833;0,133803;0,134005
0,106153;0,108265;0,108645;0,105997;0,091616;0,09007;0,076128;0,074243;0,141121;0,135976
0,105607;0,108834;0,111798;0,101598;0,089082;0,089681;0,070712;0,078496;0,143176;0,143629
0,10784;0,108087;0,104017;0,099604;0,089742;0,088003;0,076941;0,075032;0,135774;0,138209
0,106409;0,106336;0,101019;0,101624;0,083527;0,087283;0,073295;0,067528;0,138714;0,135844
0,10542;0,102165;0,099583;0,099973;0,084292;0,086719;0,070592;0,065779;0,131931;0,133331
0,106408;0,106727;0,097218;0,100789;0,084221;0,074966;0,074536;0,076052;0,13491;0,133659
0,103581;0,100709;0,09798;0,093347;0,084091;0,077045;0,070918;0,076922;0,131921;0,139933
0,103842;0,106877;0,094587;0,099074;0,079446;0,08217;0,075157;0,073754;0,136303;0,124678
0,104212;0,106627;0,092639;0,094406;0,077749;0,079003;0,07149;0,07792;0,128056;0,130945
0,107178;0,114295;0,093245;0,094862;0,074868;0,079803;0,076473;0,084917;0,129774;0,132257
0,106595;0,108772;0,090155;0,089647;0,076297;0,081514;0,074771;0,081091;0,128324;0,125944
0,108733;0,106434;0,088534;0,08623;0,075368;0,073892;0,082694;0,074642;0,124074;0,128236
0,10593;0,107528;0,086751;0,086334;0,072834;0,074152;0,081284;0,0899;0,124604;0,11639
0,10155;0,105355;0,085372;0,0873;0,071377;0,072828;0,090253;0,087875;0,116406;0,109609
0,10641;0,105517;0,081073;0,081894;0,068978;0,070814;0,094308;0,100392;0,114927;0,119068
0,102123;0,106792;0,078372;0,081531;0,068088;0,071079;0,110599;0,124422;0,10916;0,106944
0,103366;0,105331;0,081268;0,078425;0,067647;0,069053;0,152623;0,189232;0,105786;0,102673
0,10516;0,106569;0,077557;0,075438;0,06772;0,066213;0,266859;0,397241;0,104347;0,105264
0,102872;0,104321;0,076602;0,071445;0,065176;0,067631;0,601326;0,660095;0,098167;0,093046
0,10233;0,09897;0,071526;0,071247;0,066424;0,065773;0,623512;0,580173;0,095221;0,099475
0,102496;0,109025;0,073141;0,070362;0,063618;0,064253;0,552047;0,500813;0,09128;0,092477
0,103912;0,096994;0,074357;0,069311;0,063927;0,061718;0,47101;0,473135;0,086449;0,085643
0,101073;0,10615;0,069023;0,06192;0,062977;0,06062;0,514888;0,581455;0,083182;0,080499
0,098266;0,105198;0,067886;0,065377;0,059126;0,062582;0,663574;0,683347;0,084333;0,079382
0,101804;0,101587;0,065523;0,071622;0,059326;0,064878;0,536408;0,374666;0,079215;0,076778
0,099959;0,110817;0,063929;0,065761;0,061216;0,060724;0,300404;0,256609;0,07455;0,073451
0,103454;0,101429;0,064644;0,063757;0,057134;0,062696;0,231053;0,212522;0,072329;0,073974
0,105898;0,10158;0,062983;0,064978;0,056728;0,059146;0,195782;0,196753;0,070014;0,066988
0,105275;0,10896;0,061771;0,059928;0,057941;0,057138;0,19492;0,193341;0,068493;0,071525
0,103251;0,108834;0,060617;0,059722;0,054818;0,060006;0,182077;0,180127;0,066321;0,065852
0,108938;0,113742;0,06092;0,05825;0,057119;0,057209;0,180837;0,186628;0,065543;0,065431
0,115884;0,11477;0,058184;0,059386;0,053406;0,054348;0,192691;0,210038;0,063225;0,061954
0,116105;0,113095;0,057547;0,053635;0,055677;0,053175;0,282308;0,384329;0,064541;0,063138
0,122147;0,119882;0,058411;0,055425;0,053122;0,051041;0,443253;0,458768;0,063023;0,063102
0,129182;0,123929;0,054914;0,053937;0,054198;0,054201;0,434395;0,399345;0,066399;0,063425
0,134835;0,133383;0,05209;0,05591;0,054427;0,051959;0,375303;0,353443;0,069771;0,081207
0,147832;0,143418;0,054379;0,056875;0,053185;0,051874;0,377076;0,519268;0,085751;0,100012
0,153526;0,1594;0,052114;0,055286;0,05042;0,049493;1,001138;1,187392;0,141319;0,211445
0,164757;0,17782;0,054964;0,050405;0,053736;0,050308;0,921688;0,512627;0,360344;0,415238
0,195561;0,220367;0,052114;0,051648;0,05021;0,04934;0,358298;0,256497;0,354009;0,320446
0,241979;0,274696;0,05158;0,053424;0,0531;0,050115;0,188418;0,137277;0,301754;0,281033
0,361203;0,429214;0,05138;0,047261;0,049576;0,049202;0,119598;0,103001;0,275437;0,286923
0,481571;0,504673;0,049276;0,05334;0,046081;0,050245;0,090677;0,082907;0,298196;0,360121
0,504186;0,519228;0,049467;0,052668;0,04607;0,045837;0,07922;0,074476;0,495079;0,507183
0,495668;0,488037;0,049729;0,051118;0,047682;0,045626;0,073481;0,072274;0,413135;0,341372
0,462353;0,449013;0,046095;0,046907;0,04906;0,048111;0,070013;0,068172;0,308212;0,294163
0,42601;0,41293;0,046685;0,045959;0,048425;0,049591;0,071845;0,067627;0,281362;0,265959
0,387063;0,374881;0,049634;0,046496;0,046456;0,046639;0,06968;0,069702;0,25241;0,244109
0,350257;0,323301;0,046818;0,042183;0,047973;0,045336;0,071836;0,06623;0,241687;0,227815
0,308013;0,294035;0,049041;0,044834;0,043544;0,048228;0,069409;0,064189;0,233553;0,232753
0,272088;0,253267;0,045731;0,042872;0,047264;0,046025;0,066182;0,066901;0,216322;0,208755
0,233529;0,221953;0,046745;0,042843;0,044925;0,048786;0,067597;0,066064;0,208191;0,214702
0,203321;0,195052;0,043803;0,044237;0,045422;0,044052;0,067086;0,064538;0,19868;0,185874
0,180108;0,168185;0,045594;0,039321;0,044922;0,044194;0,062604;0,060542;0,177878;0,160986
0,159726;0,156463;0,045842;0,041074;0,041624;0,043657;0,064117;0,064239;0,173496;0,165933
0,15324;0,138055;0,041728;0,045044;0,04502;0,045031;0,06294;0,061572;0,157299;0,149616
0,137596;0,12939;0,045022;0,044115;0,042615;0,045657;0,067139;0,059429;0,15041;0,144655
0,132895;0,132248;0,044334;0,040817;0,04203;0,040023;0,060879;0,063501;0,136974;0,144834
0,124235;0,125819;0,041565;0,043753;0,042017;0,041735;0,060605;0,062237;0,143666;0,146809
0,12359;0,119974;0,043814;0,041683;0,042967;0,040655;0,061609;0,060637;0,151939;0,170828
0,124236;0,127324;0,039553;0,041516;0,043381;0,043437;0,062037;0,061316;0,186913;0,182321
0,116327;0,114865;0,040248;0,043823;0,041083;0,039186;0,058623;0,061259;0,195755;0,195076
0,116718;0,110461;0,042137;0,041303;0,042745;0,042195;0,062495;0,066556;0,179386;0,169269
0,113797;0,113139;0,039315;0,040545;0,039732;0,041485;0,057738;0,058853;0,162499;0,136004
0,11057;0,111228;0,040908;0,038095;0,042874;0,041402;0,061304;0,05964;0,141502;0,137494
0,111964;0,114098;0,042978;0,04369;0,042351;0,042162;0,060188;0,056372;0,131904;0,128518
0,10987;0,110476;0,040873;0,037508;0,041553;0,040836;0,053638;0,056504;0,116696;0,116342
0,106562;0,104385;0,040398;0,040409;0,039585;0,039177;0,057418;0,057212;0,112036;0,111672
0,106973;0,104611;0,039723;0,042609;0,042731;0,038409;0,05953;0,060378;0,108841;0,109032
0,108318;0,102394;0,041242;0,041258;0,039593;0,040578;0,054157;0,055226;0,105002;0,104034
0,103164;0,102273;0,037536;0,039662;0,039962;0,040631;0,056477;0,052442;0,102423;0,101581
0,104809;0,108044;0,04015;0,039311;0,038721;0,038159;0,055962;0,055962;0,095191;0,101159
0,105873;0,102597;0,03948;0,038336;0,037428;0,03939;0,056509;0,057052;0,094725;0,096496
0,10135;0,103954;0,038373;0,039278;0,039479;0,039614;0,05398;0,055243;0,091684;0,092405
0,105021;0,103828;0,038773;0,039042;0,039492;0,037708;0,055534;0,055819;0,091164;0,097862
0,099351;0,094934;0,038501;0,040827;0,041258;0,039181;0,052704;0,05523;0,089789;0,083567
0,097484;0,097721;0,038766;0,0389;0,036217;0,037103;0,055824;0,049841;0,088682;0,084946
0,099477;0,095997;0,035873;0,033678;0,037462;0,03538;0,051339;0,052083;0,082079;0,082801
0,094506;0,099128;0,038057;0,03227;0,036575;0,036728;0,051869;0,054653;0,081324;0,079446
0,094675;0,09829;0,036329;0,036417;0,037364;0,041738;0,053749;0,05294;0,080746;0,080769
0,09607;0,096949;0,038287;0,033671;0,037999;0,038723;0,051601;0,049024;0,083744;0,076226
0,095298;0,095002;0,037408;0,031765;0,038047;0,039168;0,053559;0,055099;0,078091;0,074821
0,096403;0,09226;0,037134;0,034319;0,040579;0,038643;0,051283;0,050799;0,072494;0,076776
0,093035;0,091698;0,036843;0,035632;0,038904;0,038041;0,050221;0,049156;0,070584;0,072675
0,09633;0,089279;0,036432;0,039907;0,037862;0,03907;0,051078;0,04899;0,07415;0,073212
0,090772;0,088865;0,03679;0,036099;0,036981;0,036521;0,051309;0,051986;0,071696;0,067462
0,090873;0,088806;0,035139;0,035829;0,038668;0,041249;0,04929;0,050682;0,073475;0,070498
0,08802;0,091079;0,034062;0,03244;0,036919;0,034909;0,050103;0,045203;0,06809;0,068498
0,088525;0,095425;0,03572;0,038719;0,037589;0,038704;0,051823;0,048475;0,067106;0,068343
0,087289;0,084055;0,03515;0,040374;0,035272;0,034957;0,047473;0,049944;0,067406;0,067251
0,086665;0,083033;0,033355;0,036255;0,037396;0,036243;0,047539;0,052595;0,066882;0,068367
0,087615;0,090737;0,034767;0,038505;0,039177;0,037555;0,047531;0,05079;0,065159;0,065063
0,085602;0,078408;0,034714;0,031783;0,039112;0,037046;0,04794;0,051612;0,063621;0,064751
0,085373;0,087647;0,035278;0,035949;0,035587;0,037128;0,046954;0,050057;0,061557;0,063836
0,082225;0,084281;0,033081;0,033296;0,038402;0,037973;0,046801;0,04635;0,064901;0,061264
0,08157;0,083543;0,036766;0,037946;0,035562;0,033761;0,046611;0,050543;0,060435;0,064567
0,08562;0,077939;0,03366;0,03368;0,037125;0,034201;0,046689;0,053562;0,060964;0,065165
0,082051;0,087687;0,034554;0,032721;0,035551;0,038389;0,046794;0,048835;0,063054;0,060048
0,08005;0,079904;0,035497;0,033101;0,035011;0,035186;0,047817;0,047124;0,06112;0,062435
0,083311;0,077599;0,033789;0,035162;0,033819;0,032898;0,044428;0,047626;0,059784;0,061224
0,079582;0,080206;0,035108;0,034336;0,036619;0,036062;0,04284;0,044568;0,061302;0,056909
0,079429;0,078287;0,03371;0,035886;0,03359;0,036212;0,043958;0,046288;0,057524;0,056754
0,078604;0,07923;0,03533;0,030792;0,036585;0,034092;0,044513;0,0477;0,058515;0,057967
0,078412;0,07482;0,034019;0,035816;0,036166;0,036491;0,04731;0,048266;0,059012;0,057734
0,078671;0,075761;0,034938;0,035016;0,032788;0,034148;0,045399;0,044668;0,057145;0,059678
0,078428;0,080479;0,034088;0,035657;0,035444;0,035915;0,045827;0,046616;0,058241;0,055221
0,078531;0,072112;0,034468;0,033042;0,035044;0,036766;0,044612;0,045998;0,054349;0,059817
0,076694;0,071372;0,03444;0,033027;0,033751;0,033296;0,04708;0,043813;0,058186;0,05893
0,072909;0,074098;0,032479;0,031761;0,037913;0,033278;0,042812;0,042576;0,057926;0,054957
0,070805;0,072061;0,032852;0,030835;0,035301;0,034223;0,042833;0,043234;0,053474;0,053349
0,072665;0,073186;0,033087;0,033276;0,034733;0,034932;0,044326;0,047101;0,053123;0,054511
0,072121;0,072246;0,031342;0,034307;0,036024;0,031422;0,041646;0,044996;0,05602;0,053222
0,072045;0,075461;0,033086;0,030858;0,035775;0,038027;0,041049;0,040808;0,049718;0,050153
0,07099;0,06987;0,034151;0,03615;0,034322;0,037447;0,042154;0,042397;0,053457;0,053668
0,070264;0,07247;0,032757;0,032575;0,035722;0,035239;0,044098;0,048951;0,051522;0,053217
0,070115;0,067303;0,033251;0,033511;0,034822;0,036401;0,044517;0,038534;0,052546;0,052664
0,069375;0,067947;0,032811;0,035521;0,035146;0,034852;0,04173;0,042278;0,05476;0,052743
0,066015;0,069102;0,034662;0,031484;0,033426;0,035914;0,042022;0,040621;0,049703;0,046823
0,069888;0,06724;0,034663;0,030903;0,032342;0,035638;0,042146;0,036209;0,049213;0,049477
0,066348;0,07207;0,033104;0,029781;0,032621;0,03436;0,042013;0,039266;0,050038;0,048257
0,068555;0,06218;0,03325;0,032643;0,034536;0,035465;0,0423;0,03865;0,050046;0,047754
0,065668;0,067092;0,032147;0,028947;0,036608;0,034261;0,042725;0,038853;0,050528;0,046868
0,062696;0,064923;0,032379;0,029564;0,033493;0,034364;0,04056;0,039993;0,051859;0,050837
0,063879;0,062338;0,03152;0,03445;0,034049;0,033338;0,041344;0,035638;0,047988;0,049529
0,06496;0,066227;0,031275;0,033883;0,033715;0,033012;0,037956;0,033421;0,048279;0,047716
0,062566;0,063658;0,030992;0,033384;0,03363;0,034925;0,038754;0,039372;0,046296;0,051977
0,062708;0,066095;0,030957;0,032562;0,034412;0,032712;0,040086;0,040107;0,048952;0,049354
0,061249;0,062836;0,030227;0,03311;0,033223;0,038127;0,040018;0,040454;0,049256;0,048752
0,062492;0,063516;0,033403;0,035064;0,032229;0,033715;0,037293;0,039028;0,049047;0,047222
0,061286;0,065975;0,032333;0,030922;0,033238;0,034621;0,038715;0,040481;0,048247;0,046725
0,059541;0,061992;0,032175;0,035365;0,035916;0,037237;0,038469;0,034879;0,046029;0,050482
0,060191;0,065056;0,032486;0,03535;0,033957;0,032887;0,039473;0,034638;0,046049;0,048092
0,060504;0,058607;0,032227;0,031539;0,031596;0,036915;0,040136;0,040868;0,044533;0,046704
0,057152;0,062344;0,03034;0,030163;0,033892;0,03521;0,036054;0,040027;0,044157;0,049416
0,059251;0,061523;0,030976;0,031482;0,033857;0,031954;0,037015;0,036554;0,044861;0,047039
0,059894;0,055391;0,032946;0,033794;0,032915;0,035085;0,036731;0,039758;0,043257;0,045831
0,056244;0,058334;0,032189;0,031675;0,032551;0,032171;0,039561;0,04098;0,043401;0,045134
0,058632;0,059523;0,03074;0,032563;0,031782;0,036625;0,038649;0,038844;0,044581;0,043327
0,058158;0,058636;0,032538;0,032502;0,034241;0,034804;0,034702;0,036737;0,045553;0,045087
0,057273;0,051111;0,02918;0,033638;0,033215;0,034222;0,037905;0,037286;0,044688;0,0449
0,055602;0,054788;0,029922;0,029193;0,033105;0,03254;0,037691;0,038646;0,044009;0,041379
0,056823;0,052246;0,032476;0,031748;0,032924;0,035124;0,039076;0,035309;0,043121;0,045825
0,05253;0,055482;0,031739;0,031612;0,03299;0,035659;0,035842;0,038355;0,04162;0,044201
0,054187;0,058245;0,03035;0,030456;0,031199;0,032921;0,039285;0,040321;0,044878;0,041293
0,055992;0,053191;0,030861;0,032273;0,032246;0,033771;0,036835;0,038054;0,04223;0,044365
0,053698;0,058309;0,031987;0,034135;0,034647;0,032456;0,036528;0,03431;0,04337;0,042382
0,052224;0,053015;0,033728;0,030519;0,033497;0,035462;0,035462;0,036283;0,04167;0,0443
0,050588;0,054282;0,031812;0,032591;0,030931;0,034489;0,033821;0,036476;0,041932;0,042978
0,055987;0,053675;0,032258;0,03006;0,033125;0,033141;0,034317;0,041373;0,04384;0,042988
0,053975;0,053632;0,034135;0,033808;0,033427;0,034435;0,035822;0,036337;0,04185;0,042814
0,052715;0,052406;0,031904;0,032229;0,03359;0,03209;0,035505;0,032553;0,04233;0,04101
0,052205;0,052065;0,029535;0,030101;0,032952;0,030205;0,034515;0,037833;0,043617;0,040558
0,051369;0,051802;0,029116;0,031388;0,032689;0,033284;0,037017;0,029797;0,042145;0,042165
0,054759;0,050899;0,031063;0,029693;0,032565;0,03325;0,034576;0,03346;0,042349;0,039198
0,054456;0,051436;0,029034;0,03191;0,034445;0,037194;0,035855;0,036154;0,041189;0,039965
0,051945;0,049993;0,031867;0,033821;0,032249;0,035225;0,032485;0,037017;0,040995;0,042782
0,050731;0,053481;0,030559;0,031551;0,031472;0,031485;0,035492;0,032376;0,043614;0,036362
0,052386;0,047425;0,031336;0,031945;0,033716;0,029054;0,037436;0,036586;0,04074;0,038526
0,049705;0,047844;0,03194;0,030599;0,032595;0,028412;0,033102;0,035454;0,041829;0,040075
0,051462;0,048964;0,033097;0,030778;0,033578;0,032592;0,03696;0,035865;0,04005;0,039738
0,048635;0,052143;0,030198;0,033002;0,033433;0,034102;0,035938;0,035551;0,04109;0,040655
0,051055;0,049596;0,032284;0,031349;0,032553;0,031287;0,036455;0,036878;0,040143;0,040493
0,050051;0,04851;0,030318;0,03376;0,03424;0,033487;0,034002;0,032729;0,038078;0,038173
0,051383;0,048528;0,03119;0,02947;0,032735;0,030544;0,033958;0,03124;0,039141;0,041087
0,049608;0,046544;0,030553;0,033539;0,032922;0,032698;0,03472;0,035358;0,040516;0,041253
0,050942;0,04541;0,032155;0,029487;0,034265;0,035564;0,036907;0,035068;0,040604;0,037723
0,049312;0,049009;0,030899;0,030043;0,032385;0,034411;0,035044;0,034071;0,038179;0,03765
0,049968;0,052757;0,030847;0,034328;0,031523;0,031445;0,032564;0,036632;0,039344;0,036977
0,049754;0,048206;0,031883;0,029307;0,033022;0,035023;0,032524;0,034151;0,035125;0,040768
0,049216;0,052765;0,028554;0,028648;0,032899;0,034829;0,03411;0,031802;0,038589;0,039825
0,047454;0,053687;0,030065;0,035017;0,031578;0,031939;0,035636;0,030893;0,038199;0,039372
0,048919;0,050237;0,031275;0,030946;0,03014;0,03228;0,031306;0,031756;0,038775;0,039265
0,050275;0,047745;0,030291;0,032612;0,031144;0,032037;0,033895;0,035402;0,037527;0,038734
0,049579;0,048146;0,028854;0,029572;0,032916;0,032323;0,031563;0,034169;0,040146;0,040659
0,047271;0,047683;0,0318;0,028518;0,031971;0,033244;0,032242;0,035619;0,038272;0,03759
0,049595;0,046226;0,031911;0,028258;0,031451;0,031604;0,033478;0,033599;0,037099;0,03582
0,050665;0,052343;0,029578;0,031289;0,032619;0,032081;0,032808;0,032431;0,038288;0,039764
0,049187;0,050813;0,032541;0,030204;0,033837;0,030047;0,032548;0,029285;0,039187;0,039691
0,048262;0,051289;0,030533;0,031415;0,032898;0,032001;0,031289;0,03493;0,036841;0,043124
0,050956;0,052551;0,030245;0,032012;0,0309;0,031507;0,031662;0,033235;0,039082;0,039257
0,048675;0,048532;0,029673;0,028704;0,030334;0,031849;0,031688;0,030634;0,037325;0,039182
0,048411;0,048146;0,030267;0,032869;0,034304;0,03042;0,030767;0,036114;0,037461;0,038203
0,049913;0,049894;0,02933;0,029034;0,029665;0,034789;0,033089;0,032297;0,037174;0,035526
0,048293;0,045823;0,028845;0,029465;0,033532;0,033327;0,032129;0,034653;0,03763;0,034417
0,050411;0,050261;0,030999;0,030889;0,030876;0,03205;0,034141;0,036371;0,035453;0,037475
0,048397;0,048925;0,029274;0,029926;0,032201;0,036189;0,03434;0,029368;0,036379;0,035776
0,050946;0,048122;0,031007;0,031279;0,032017;0,032233;0,031296;0,034508;0,03736;0,035522
0,050622;0,047737;0,031571;0,027308;0,032512;0,031997;0,03172;0,035105;0,035908;0,03811
0,050435;0,0486;0,029354;0,034335;0,031984;0,032152;0,033841;0,030992;0,036002;0,035916
0,049302;0,049022;0,031343;0,030001;0,033313;0,032234;0,032769;0,029746;0,037588;0,038471
0,048344;0,048904;0,029789;0,028494;0,033201;0,031306;0,033071;0,032173;0,035803;0,035921
0,049795;0,051219;0,030559;0,031055;0,032061;0,031489;0,032361;0,030638;0,036489;0,03629
0,047458;0,047407;0,02943;0,029911;0,032783;0,032476;0,03149;0,032833;0,036948;0,035175
0,050365;0,050778;0,030977;0,031522;0,030385;0,03044;0,035745;0,032071;0,036505;0,037004
0,053186;0,052081;0,029599;0,027864;0,033225;0,030965;0,03065;0,032329;0,037694;0,037561
0,052246;0,046611;0,02986;0,028993;0,033313;0,029484;0,033254;0,031555;0,036422;0,036394
0,050862;0,050187;0,030782;0,028265;0,032092;0,031746;0,031758;0,032531;0,037518;0,033817
0,054286;0,050104;0,029355;0,030157;0,033638;0,028605;0,031172;0,030318;0,036051;0,034764
0,051035;0,049516;0,029942;0,033337;0,030413;0,031459;0,031922;0,031888;0,036263;0,035214
0,050423;0,056566;0,030478;0,028529;0,030489;0,027322;0,030543;0,033061;0,036608;0,035565
0,052089;0,051537;0,029527;0,029111;0,030116;0,033438;0,030292;0,030152;0,037145;0,034813
0,051251;0,055752;0,030557;0,029955;0,03146;0,031027;0,03254;0,034096;0,037374;0,03443
0,05024;0,052901;0,031502;0,029244;0,030276;0,032761;0,031137;0,03079;0,035689;0,036553
0,054791;0,054462;0,032171;0,031686;0,032121;0,03084;0,031055;0,032699;0,035841;0,035707
0,051523;0,051503;0,028117;0,030648;0,031348;0,028661;0,033144;0,033386;0,036168;0,03434
0,052946;0,053799;0,029264;0,030188;0,032564;0,030941;0,029851;0,031619;0,036026;0,035645
0,05542;0,055275;0,030098;0,028539;0,031028;0,029837;0,030609;0,030166;0,034281;0,037147
0,054427;0,053435;0,030165;0,030205;0,030877;0,031416;0,032311;0,024891;0,036532;0,037844
0,055755;0,052082;0,028906;0,028315;0,031133;0,031794;0,033013;0,030396;0,035473;0,031997
0,053062;0,055935;0,028122;0,030071;0,031618;0,03155;0,032881;0,029439;0,035524;0,035656
0,051731;0,058158;0,03045;0,027049;0,031027;0,028836;0,030855;0,036074;0,034318;0,035207
0,054886;0,05549;0,030138;0,029088;0,031704;0,034239;0,030717;0,031236;0,035541;0,032084
0,054515;0,054627;0,031482;0,029334;0,031069;0,03167;0,031838;0,031302;0,035867;0,032561
0,053372;0,05572;0,02985;0,027947;0,032484;0,026088;0,028407;0,030889;0,033732;0,037281
0,049952;0,051494;0,028519;0,031564;0,031262;0,028666;0,032239;0,030473;0,03533;0,034836
0,054231;0,056275;0,030682;0,029478;0,029942;0,033018;0,032759;0,0309;0,034434;0,03733
0,057156;0,055959;0,029952;0,028688;0,029928;0,02895;0,030607;0,034634;0,035373;0,033665
0,05813;0,054084;0,029091;0,030309;0,032166;0,032231;0,031736;0,031276;0,036527;0,033476
0,054136;0,058596;0,030687;0,029747;0,02946;0,029528;0,032291;0,033103;0,033757;0,034504
0,058578;0,055098;0,030008;0,02566;0,030349;0,026909;0,031297;0,033699;0,032607;0,034781
0,059893;0,059757;0,028405;0,031714;0,029355;0,030618;0,03174;0,031482;0,034915;0,033576
0,059297;0,057786;0,030669;0,029092;0,032326;0,030545;0,030976;0,029944;0,033435;0,031053
0,056333;0,05952;0,029207;0,028603;0,030633;0,030346;0,029476;0,030334;0,035107;0,036111
0,058209;0,056934;0,03003;0,032346;0,030764;0,025916;0,029462;0,029342;0,034786;0,035765
0,056918;0,057284;0,027836;0,030615;0,031522;0,029016;0,030128;0,031382;0,034795;0,035948
0,060232;0,057661;0,031329;0,028118;0,030593;0,027617;0,030665;0,029353;0,033453;0,034875
0,059296;0,061319;0,030222;0,030183;0,031263;0,028894;0,028196;0,034648;0,033757;0,033825
0,057881;0,057853;0,029798;0,028384;0,031804;0,030253;0,03185;0,030501;0,033487;0,035326
0,058012;0,058939;0,030014;0,027042;0,028689;0,03021;0,029999;0,032014;0,033442;0,034154
0,06161;0,067309;0,029046;0,03062;0,029353;0,031506;0,029443;0,02643;0,032681;0,034393
0,062072;0,066144;0,030138;0,030014;0,031282;0,031991;0,030216;0,028499;0,033446;0,031391
0,062382;0,065405;0,029215;0,028982;0,030287;0,029976;0,03035;0,027463;0,034017;0,031659
0,061414;0,060277;0,029587;0,028234;0,03225;0,032165;0,031092;0,029116;0,033974;0,036371
0,059443;0,061468;0,028737;0,031626;0,029998;0,030069;0,028599;0,033412;0,034;0,031529
0,063791;0,063744;0,027734;0,029545;0,030213;0,031215;0,028646;0,026346;0,032752;0,032431
0,062678;0,062289;0,029256;0,027072;0,028478;0,02696;0,03076;0,030004;0,032505;0,034036
0,062009;0,0626;0,029716;0,031455;0,030487;0,027683;0,031435;0,032105;0,033088;0,034454
0,063407;0,065273;0,028202;0,031187;0,028835;0,030364;0,028311;0,030412;0,03302;0,032131
0,059419;0,064856;0,029318;0,028965;0,030837;0,029209;0,031159;0,029945;0,032031;0,031829
0,064163;0,065972;0,030036;0,029474;0,029018;0,02987;0,029314;0,028761;0,033647;0,031387
0,066594;0,062979;0,030078;0,028395;0,030214;0,030031;0,031307;0,031195;0,034664;0,034047
0,063409;0,060021;0,028463;0,027886;0,031285;0,030011;0,031028;0,031708;0,034928;0,033617
0,064073;0,072542;0,02903;0,028092;0,029706;0,029118;0,029341;0,030913;0,032533;0,035253
0,067925;0,067412;0,029681;0,027995;0,03075;0,033167;0,031226;0,031237;0,032167;0,034428
0,064516;0,067132;0,031009;0,032375;0,031259;0,03154;0,029573;0,034178;0,032536;0,0333
0,066066;0,063603;0,028482;0,031053;0,032316;0,030854;0,031313;0,027883;0,030689;0,036347
0,065588;0,060154;0,029133;0,029145;0,029354;0,030894;0,03194;0,029369;0,032572;0,032332
0,064371;0,069592;0,031437;0,031263;0,029947;0,029593;0,030018;0,030944;0,033409;0,035356
0,061021;0,068474;0,029297;0,027513;0,0286;0,030463;0,030772;0,028543;0,033088;0,032161
0,065326;0,07135;0,030976;0,029597;0,03073;0,028805;0,031919;0,029819;0,031468;0,032742
0,066692;0,063709;0,027948;0,032428;0,029698;0,029606;0,030173;0,025775;0,031666;0,032044
0,065135;0,068662;0,029509;0,030458;0,030048;0,029719;0,029857;0,032185;0,033125;0,034932
0,06912;0,062182;0,029777;0,034007;0,027626;0,032159;0,029711;0,029769;0,03302;0,032371
0,061953;0,070421;0,032956;0,026917;0,029116;0,029278;0,030254;0,03177;0,032506;0,034466
0,065766;0,069101;0,030433;0,030335;0,029833;0,032486;0,029673;0,031602;0,031945;0,031793
0,065152;0,064426;0,027218;0,028453;0,029852;0,030912;0,032032;0,028997;0,031554;0,035595
0,065848;0,06298;0,03162;0,030387;0,028956;0,028528;0,029327;0,0304;0,031711;0,035803
0,068621;0,059985;0,030659;0,031986;0,02786;0,031826;0,031473;0,033949;0,034447;0,032748
0,066894;0,06857;0,029065;0,027397;0,029857;0,030833;0,030131;0,028107;0,03289;0,034968
0,064235;0,069264;0,031674;0,027437;0,028712;0,029563;0,029624;0,028677;0,030069;0,031423
0,064352;0,068355;0,029711;0,026767;0,030856;0,026163;0,029231;0,03167;0,032252;0,031711
0,063698;0,059742;0,029964;0,026607;0,028694;0,030573;0,030897;0,029816;0,031141;0,032217
0,062865;0,064678;0,031337;0,03119;0,028529;0,028669;0,029419;0,033356;0,031756;0,030509
0,062472;0,068248;0,030736;0,029871;0,028449;0,028765;0,030281;0,028124;0,032313;0,031678
0,062482;0,064838;0,028999;0,031542;0,029657;0,027992;0,030019;0,027656;0,03237;0,032625
0,064571;0,061367;0,030655;0,030035;0,029679;0,029128;0,028933;0,026838;0,033286;0,03557
0,064448;0,06679;0,030359;0,033501;0,030421;0,03177;0,030045;0,029889;0,030996;0,033943
0,061837;0,063656;0,030204;0,028058;0,027492;0,030869;0,030845;0,028939;0,032671;0,033075
0,061315;0,060073;0,031266;0,026676;0,028726;0,027697;0,032109;0,029207;0,030687;0,031628
0,063523;0,060231;0,028941;0,030957;0,028777;0,03308;0,027635;0,031981;0,031145;0,030025
0,064079;0,060999;0,028668;0,027854;0,02804;0,028363;0,031027;0,028886;0,031748;0,02795
0,060785;0,060407;0,030671;0,029227;0,031094;0,029123;0,030123;0,030167;0,032026;0,032094
0,058903;0,057297;0,029227;0,027643;0,029635;0,029723;0,030626;0,029303;0,031995;0,032207
0,06117;0,061737;0,02773;0,031638;0,028052;0,032506;0,027959;0,029606;0,031894;0,030392
0,058287;0,060753;0,029078;0,027949;0,029049;0,027117;0,031687;0,028957;0,029981;0,028615
0,057431;0,05942;0,03044;0,029649;0,029412;0,028339;0,029488;0,030389;0,032191;0,030242
0,059158;0,058891;0,028426;0,030706;0,031325;0,028574;0,028753;0,030609;0,030689;0,032542
0,058574;0,054584;0,031274;0,028748;0,028534;0,03048;0,030849;0,031252;0,030566;0,027613
0,053113;0,056644;0,027933;0,02871;0,027333;0,029049;0,029747;0,032554;0,032363;0,032776
0,05717;0,057422;0,029645;0,030606;0,029262;0,02875;0,028556;0,029857;0,033947;0,03111
0,057564;0,057894;0,031711;0,028445;0,029346;0,029977;0,028874;0,032181;0,031527;0,030244
0,056054;0,056866;0,032421;0,026832;0,0278;0,029666;0,029754;0,029167;0,029348;0,031047
0,058204;0,058047;0,030972;0,029785;0,029146;0,032232;0,029947;0,030169;0,030319;0,032187
0,054532;0,05899;0,029597;0,029218;0,029665;0,027992;0,027593;0,032258;0,031045;0,030901
0,054094;0,048944;0,029274;0,029489;0,029621;0,030871;0,030158;0,029552;0,028964;0,032024
0,055568;0,051346;0,031827;0,032165;0,027131;0,028332;0,028744;0,027873;0,032346;0,031066
0,054766;0,058419;0,030855;0,02786;0,027936;0,025893;0,029775;0,030822;0,031224;0,02934
0,054331;0,053432;0,029676;0,027689;0,029191;0,029186;0,029073;0,025972;0,030616;0,029606
0,053293;0,051587;0,027945;0,026851;0,029911;0,029106;0,030386;0,026832;0,031133;0,031202
0,050328;0,049071;0,03022;0,032109;0,030109;0,028748;0,028636;0,028657;0,030133;0,030644
0,051223;0,051631;0,029101;0,028896;0,028811;0,029594;0,028793;0,030903;0,031653;0,032413
0,048761;0,055474;0,02933;0,030849;0,030078;0,026543;0,030906;0,029377;0,030231;0,031327
0,048597;0,050849;0,030532;0,030301;0,029289;0,027528;0,029237;0,031912;0,029383;0,028136
0,049349;0,048206;0,030385;0,029894;0,028389;0,028349;0,032647;0,031219;0,029809;0,026587
0,053676;0,053332;0,029135;0,030296;0,02955;0,030609;0,029228;0,02724;0,029607;0,03137
0,047899;0,048361;0,029843;0,031419;0,029774;0,031203;0,030063;0,026121;0,029168;0,030954
0,047601;0,048698;0,030421;0,029113;0,029346;0,028786;0,029032;0,026382;0,029931;0,031626
0,048485;0,049593;0,030062;0,029491;0,028743;0,026369;0,031213;0,030049;0,031453;0,032339
0,04796;0,050957;0,029364;0,031323;0,028863;0,027955;0,028508;0,031668;0,029238;0,029449
0,046531;0,049218;0,029838;0,031405;0,028255;0,028494;0,030779;0,032677;0,029714;0,030468
0,046535;0,051831;0,031691;0,030139;0,029927;0,026102;0,028026;0,029095;0,028736;0,030418
0,044225;0,047705;0,031282;0,035329;0,029922;0,027154;0,028672;0,028764;0,030113;0,028156
0,050982;0,045544;0,030319;0,028116;0,027898;0,023409;0,026954;0,03342;0,030457;0,031681
0,048228;0,045538;0,031204;0,02705;0,028017;0,028665;0,027811;0,029664;0,030152;0,031593
0,048511;0,043276;0,031079;0,030522;0,027373;0,030392;0,028141;0,029186;0,030306;0,030357
0,04528;0,04963;0,03224;0,027406;0,029466;0,026135;0,029339;0,029775;0,031611;0,031031
0,045586;0,041176;0,029131;0,028546;0,026628;0,029426;0,029976;0,025913;0,031085;0,027955
0,04801;0,04364;0,030399;0,0272;0,02819;0,028273;0,031728;0,027904;0,029285;0,028734
0,047262;0,045758;0,029285;0,029167;0,030711;0,030639;0,028791;0,032678;0,031036;0,031867
0,044713;0,043484;0,029439;0,029751;0,029684;0,030092;0,029416;0,033608;0,03017;0,030825
0,047668;0,04631;0,031317;0,027879;0,028513;0,026491;0,030624;0,031894;0,028306;0,029192
0,04608;0,047936;0,030297;0,029321;0,028714;0,029029;0,033311;0,028137;0,02733;0,031736
0,044825;0,04481;0,030151;0,029328;0,029546;0,027282;0,0297;0,030781;0,028216;0,030264
0,045345;0,040835;0,027856;0,031295;0,028859;0,02523;0,030244;0,030134;0,027713;0,030335
0,04369;0,043726;0,029566;0,027098;0,027669;0,027938;0,029571;0,026735;0,031649;0,030934
0,048109;0,046021;0,029175;0,029274;0,027304;0,028569;0,028572;0,033187;0,029618;0,028867
0,044697;0,044628;0,030496;0,030509;0,029826;0,028205;0,028855;0,031954;0,02914;0,030465
0,044379;0,043349;0,031129;0,03139;0,028687;0,030855;0,029637;0,030273;0,029324;0,028754
0,047073;0,041151;0,032733;0,029508;0,026814;0,028285;0,028923;0,030469;0,028736;0,027201
0,044939;0,043515;0,029504;0,027662;0,028708;0,029147;0,028719;0,025796;0,029617;0,029758
0,0424;0,043053;0,031618;0,029645;0,030759;0,023762;0,028614;0,029143;0,030496;0,027863
0,04439;0,047519;0,02823;0,029521;0,028141;0,025349;0,030554;0,030221;0,029183;0,029175
0,045424;0,044871;0,029223;0,029544;0,030016;0,028228;0,02815;0,032228;0,030031;0,028471
0,043403;0,04301;0,029359;0,027468;0,027362;0,028034;0,030703;0,033064;0,029444;0,030275
0,043954;0,049302;0,030498;0,031836;0,029421;0,026517;0,030342;0,026526;0,030347;0,027193
0,044232;0,044203;0,030103;0,029908;0,028125;0,027876;0,02922;0,030387;0,029041;0,02682
0,047409;0,039812;0,031677;0,02559;0,028048;0,029478;0,030459;0,028365;0,029081;0,029896
0,045726;0,043874;0,030521;0,029076;0,027582;0,026092;0,029474;0,029782;0,027906;0,027677
0,043449;0,041477;0,032501;0,028127;0,027372;0,02615;0,029704;0,031658;0,030587;0,026787
0,043934;0,042873;0,02759;0,02879;0,028919;0,027722;0,030988;0,025744;0,027524;0,029453
0,046421;0,043609;0,029524;0,031363;0,028383;0,026983;0,029681;0,028421;0,028332;0,02668
0,046143;0,046546;0,030363;0,030225;0,026458;0,029999;0,02878;0,029367;0,029914;0,029521
0,044809;0,043239;0,028196;0,029737;0,027729;0,027555;0,03023;0,026016;0,027453;0,030361
0,042343;0,047708;0,029906;0,029316;0,027807;0,027837;0,031049;0,026297;0,028919;0,02904
0,044027;0,044406;0,030609;0,027749;0,027835;0,028375;0,030628;0,029683;0,029912;0,030762
0,044505;0,044294;0,029845;0,030901;0,029044;0,027894;0,027759;0,027602;0,028195;0,025076
0,045454;0,044384;0,029766;0,030925;0,027929;0,025503;0,027991;0,029741;0,029597;0,027282
0,040812;0,047134;0,028172;0,029886;0,028265;0,029666;0,029105;0,029976;0,029048;0,02889
0,04075;0,044394;0,028984;0,028564;0,028471;0,02864;0,032508;0,026745;0,029291;0,029872
0,045885;0,045691;0,03067;0,028557;0,028294;0,027179;0,030096;0,030979;0,02848;0,02889
0,044709;0,045268;0,029869;0,028093;0,027107;0,028305;0,030496;0,025729;0,026807;0,030186
0,044437;0,04229;0,029066;0,027428;0,028642;0,028959;0,02892;0,027209;0,030026;0,028302
0,043697;0,044272;0,030943;0,027886;0,029332;0,028992;0,030037;0,028808;0,028673;0,029662
0,045433;0,04551;0,02965;0,034403;0,027512;0,026352;0,029774;0,031099;0,028395;0,028007
0,04549;0,043391;0,03119;0,029792;0,02795;0,026264;0,03038;0,033657;0,028756;0,027097
0,043418;0,047911;0,032176;0,032577;0,027292;0,030338;0,030705;0,029241;0,029762;0,027204
0,041168;0,045502;0,029321;0,029953;0,026896;0,026781;0,02824;0,029195;0,029134;0,029862
0,044648;0,041667;0,031476;0,029155;0,029248;0,027537;0,030545;0,032495;0,029037;0,026378
0,047163;0,039304;0,029028;0,028448;0,029013;0,028998;0,031644;0,027085;0,029695;0,029614
0,043667;0,042148;0,029822;0,032408;0,027429;0,027298;0,031377;0,031484;0,030824;0,027441
0,041465;0,045885;0,029363;0,029023;0,027349;0,025977;0,030557;0,028836;0,029241;0,027962
0,04425;0,04395;0,03231;0,028201;0,029222;0,029606;0,030105;0,03179;0,029563;0,030954
0,045888;0,043299;0,028275;0,027363;0,028677;0,027094;0,030281;0,030338;0,028873;0,027646
0,04118;0,044954;0,031493;0,027014;0,027606;0,028969;0,031976;0,025129;0,027929;0,028593
0,042939;0,044909;0,029012;0,028048;0,026694;0,027179;0,030675;0,028693;0,029088;0,028586
0,045702;0,044789;0,029183;0,033244;0,02794;0,026477;0,029134;0,029359;0,029594;0,029035
0,04494;0,043815;0,031083;0,03187;0,027578;0,026196;0,02947;0,028763;0,028176;0,029818
0,045279;0,039748;0,029315;0,032447;0,027182;0,02815;0,030358;0,030992;0,028193;0,030389
0,044535;0,044494;0,028573;0,030035;0,026532;0,029803;0,030987;0,028429;0,030469;0,029992
0,04411;0,04594;0,029149;0,030661;0,027301;0,027479;0,028259;0,029301;0,027877;0,028119
0,043022;0,041651;0,029924;0,031321;0,028919;0,029647;0,029897;0,029872;0,029024;0,027147
0,044134;0,041242;0,029159;0,027016;0,027991;0,028194;0,02885;0,032904;0,02878;0,028337
0,043087;0,045085;0,03196;0,02996;0,027754;0,0255;0,029325;0,029898;0,027534;0,031391
0,041509;0,043189;0,030125;0,030856;0,027487;0,025042;0,027267;0,031643;0,02886;0,028403
0,043524;0,041243;0,030033;0,03082;0,029498;0,027368;0,026881;0,028413;0,02975;0,029681
0,042882;0,042352;0,028594;0,028906;0,027319;0,028879;0,029943;0,031329;0,027826;0,026491
0,040635;0,039392;0,030475;0,030174;0,028853;0,02667;0,026941;0,030748;0,029242;0,028818
0,044147;0,043565;0,02967;0,028612;0,029589;0,026686;0,030537;0,025379;0,028571;0,028001
0,044599;0,045974;0,030157;0,028484;0,027313;0,027889;0,029212;0,028585;0,029246;0,027298
0,04022;0,043608;0,029949;0,029541;0,027113;0,025187;0,032116;0,029137;0,027249;0,028655
0,042728;0,043244;0,030231;0,027951;0,028635;0,026502;0,029524;0,028702;0,028018;0,027797
0,040386;0,03857;0,030194;0,030179;0,028188;0,025171;0,030556;0,030903;0,028733;0,024999
0,039489;0,044405;0,02953;0,027274;0,02885;0,027569;0,028763;0,030678;0,029989;0,028107
0,039266;0,037702;0,028667;0,027502;0,029626;0,025876;0,028019;0,032718;0,026453;0,028692
0,040047;0,043201;0,031323;0,0287;0,027542;0,029043;0,031496;0,031092;0,028164;0,029223
0,040293;0,040865;0,029689;0,028046;0,027883;0,025926;0,029969;0,029403;0,028775;0,027957
0,042684;0,041961;0,02876;0,027901;0,028774;0,026436;0,032489;0,031622;0,027919;0,028348
0,040238;0,042057;0,032367;0,029201;0,027623;0,029345;0,028605;0,030872;0,030741;0,028044
0,039098;0,040772;0,031513;0,028815;0,02858;0,025511;0,027748;0,030047;0,028591;0,028106
0,03939;0,033105;0,031737;0,028004;0,024764;0,027066;0,030385;0,027462;0,028314;0,028353
0,039036;0,039065;0,029163;0,031849;0,027686;0,028654;0,028803;0,029253;0,027849;0,027543
0,037783;0,037011;0,030667;0,028187;0,027639;0,02814;0,030048;0,031463;0,026858;0,027009
0,039649;0,037589;0,030191;0,029467;0,024262;0,029783;0,029689;0,028965;0,028021;0,029274
0,037464;0,039468;0,02852;0,028079;0,026995;0,026638;0,027605;0,035056;0,026283;0,02905
0,037303;0,038542;0,029623;0,023732;0,028251;0,026863;0,029944;0,030681;0,027893;0,029182
0,038798;0,036796;0,030563;0,032348;0,027609;0,026533;0,031604;0,029642;0,028937;0,026902
0,036449;0,040649;0,031291;0,030187;0,0289;0,027509;0,031191;0,029529;0,029264;0,027923
0,038826;0,037727;0,028837;0,029317;0,027202;0,026886;0,028672;0,030968;0,027273;0,027488
0,039466;0,035793;0,029904;0,028304;0,026725;0,02919;0,027998;0,032101;0,025894;0,029541
0,038717;0,039274;0,030322;0,032987;0,025541;0,02827;0,033806;0,02884;0,029213;0,027487
0,037192;0,034481;0,028956;0,026678;0,027692;0,025633;0,03121;0,031178;0,028814;0,029416
0,034071;0,040886;0,029153;0,033437;0,026247;0,025872;0,027597;0,025457;0,027761;0,026253
0,036497;0,039039;0,033028;0,03166;0,027765;0,029529;0,031148;0,02895;0,028204;0,027938
0,038834;0,034191;0,029492;0,030945;0,026676;0,025827;0,029886;0,029717;0,03002;0,026544
0,035237;0,034838;0,027402;0,030764;0,027112;0,029287;0,029996;0,027389;0,028791;0,029274
0,033766;0,033619;0,029056;0,029317;0,02793;0,027656;0,02982;0,032942;0,027653;0,027376
0,034611;0,034632;0,030138;0,028229;0,025023;0,025703;0,027317;0,033202;0,029716;0,031172
0,034515;0,032515;0,028425;0,032098;0,027815;0,024882;0,031202;0,033173;0,027077;0,026157
0,034575;0,033212;0,027252;0,028266;0,028382;0,0262;0,030758;0,032718;0,028464;0,02967
0,034306;0,028333;0,029345;0,031258;0,027364;0,02916;0,030845;0,033152;0,029869;0,025949
0,031611;0,033037;0,029725;0,029791;0,027192;0,025477;0,030902;0,032903;0,027981;0,028399
0,033502;0,033796;0,028249;0,032383;0,026688;0,028139;0,030571;0,032804;0,027305;0,026958
0,032532;0,031318;0,029963;0,030966;0,027873;0,029499;0,029693;0,028384;0,029807;0,024758
0,033766;0,034413;0,031815;0,031771;0,027753;0,027595;0,030583;0,029919;0,02912;0,027236
0,033909;0,035553;0,030441;0,030747;0,027991;0,028893;0,028152;0,035382;0,028566;0,026627
0,034154;0,032008;0,032259;0,030504;0,028568;0,030612;0,032102;0,025617;0,030653;0,026313
0,03473;0,033242;0,030556;0,026721;0,02707;0,02556;0,029776;0,029861;0,027815;0,0248
0,035629;0,030832;0,029182;0,03069;0,026133;0,02618;0,029788;0,032723;0,027746;0,028779
0,033628;0,031819;0,029859;0,03086;0,025997;0,025412;0,028676;0,028925;0,02909;0,026668
0,031597;0,030846;0,028352;0,02829;0,026322;0,029436;0,0318;0,03153;0,029479;0,031131
0,033009;0,031842;0,028219;0,028028;0,028178;0,029518;0,030721;0,031673;0,027169;0,02821
0,030688;0,036352;0,029726;0,027462;0,026186;0,026499;0,02952;0,033862;0,026764;0,028297
0,031817;0,02999;0,029497;0,030454;0,025421;0,023912;0,029639;0,030671;0,028141;0,026363
0,032992;0,029867;0,028481;0,032223;0,026202;0,02555;0,030829;0,030036;0,028849;0,030421
0,031343;0,032238;0,029822;0,032453;0,026063;0,025752;0,030839;0,028705;0,027734;0,027361
0,028872;0,031696;0,028614;0,030346;0,026647;0,025324;0,02972;0,029427;0,028641;0,028651
0,031747;0,028836;0,030903;0,028684;0,027227;0,027603;0,031189;0,030045;0,028177;0,028517
0,031019;0,03181;0,029012;0,030024;0,026924;0,023773;0,030943;0,028085;0,029931;0,027211
0,030865;0,029201;0,027856;0,031501;0,028619;0,02743;0,032969;0,027838;0,029334;0,026903
0,030076;0,030697;0,031202;0,028317;0,028806;0,026698;0,031687;0,029871;0,027118;0,026306
0,0318;0,030583;0,030583;0,031279;0,026238;0,027757;0,029416;0,029028;0,026209;0,025688
0,028635;0,032765;0,028876;0,0279;0,026978;0,029225;0,029905;0,026226;0,026411;0,028329
0,030052;0,030954;0,028471;0,034873;0,02725;0,026055;0,031109;0,027252;0,026334;0,028046
0,030044;0,031859;0,027787;0,02789;0,027284;0,025088;0,029993;0,029789;0,027782;0,02753
0,027333;0,028006;0,028047;0,029297;0,028517;0,02737;0,028969;0,030117;0,025739;0,027757
0,031204;0,028441;0,029031;0,02956;0,026054;0,027752;0,028928;0,032701;0,028414;0,027939
0,031849;0,030678;0,028432;0,031537;0,027097;0,027463;0,030227;0,031893;0,028724;0,031093
0,02811;0,028377;0,029801;0,030445;0,028342;0,027534;0,03142;0,03079;0,029434;0,0294
0,030711;0,029727;0,027935;0,027609;0,03094;0,026181;0,032056;0,028776;0,029284;0,028908
0,029147;0,027132;0,028395;0,029394;0,028685;0,027135;0,029361;0,03123;0,027959;0,026182
0,028692;0,031801;0,027008;0,031357;0,026732;0,028467;0,032668;0,031211;0,027288;0,027234
0,02761;0,027799;0,028371;0,029952;0,029056;0,027247;0,030869;0,02824;0,027453;0,028154
0,026797;0,029658;0,029406;0,027365;0,026865;0,029603;0,028869;0,027324;0,027822;0,029738
0,029905;0,027793;0,027625;0,027448;0,028665;0,026792;0,032777;0,028545;0,02819;0,025598
0,026891;0,027804;0,03052;0,034331;0,028846;0,027025;0,031194;0,026045;0,029102;0,026915
0,028358;0,026057;0,026381;0,029404;0,028165;0,026239;0,028416;0,032015;0,027878;0,027908
0,028087;0,027363;0,029759;0,029365;0,027585;0,024954;0,028059;0,031861;0,027434;0,02761
0,028163;0,025927;0,027045;0,028709;0,027706;0,025867;0,028537;0,032415;0,028034;0,03232
0,029094;0,027785;0,029949;0,028208;0,027881;0,027253;0,029813;0,032844;0,028989;0,029251
0,027907;0,02685;0,026694;0,029918;0,028518;0,025624;0,032136;0,03378;0,02925;0,028164
0,025717;0,027839;0,02681;0,026788;0,028765;0,026196;0,029984;0,030141;0,027445;0,029884
0,028521;0,025796;0,030913;0,027247;0,027064;0,027546;0,028632;0,029943;0,028458;0,024652
0,02936;0,025188;0,027732;0,028635;0,026536;0,027435;0,028433;0,035459;0,028423;0,028118
0,027231;0,02844;0,029991;0,025505;0,026899;0,024407;0,030167;0,031917;0,02903;0,029018
0,028318;0,02594;0,026745;0,027879;0,027412;0,027591;0,028761;0,027152;0,028314;0,032287
0,027963;0,028086;0,027469;0,026765;0,026806;0,023423;0,032403;0,029367;0,029522;0,028049
0,027663;0,026282;0,026639;0,02878;0,025889;0,028557;0,028527;0,029698;0,02872;0,027255
0,026804;0,028275;0,024459;0,030204;0,026577;0,026713;0,029596;0,032607;0,02742;0,030026
0,02693;0,031858;0,025655;0,033694;0,027972;0,026828;0,030365;0,034627;0,025821;0,026248
0,025927;0,026488;0,0277;0,027386;0,025019;0,027179;0,029927;0,029784;0,030046;0,029747
0,027284;0,027959;0,026956;0,02901;0,027425;0,028154;0,029757;0,029282;0,029904;0,027552
0,029116;0,026584;0,029232;0,028395;0,0257;0,024284;0,03268;0,028554;0,027081;0,027714
0,026164;0,025889;0,027926;0,028054;0,027417;0,027492;0,031054;0,033574;0,028457;0,027234
0,026393;0,027172;0,026744;0,029642;0,027073;0,025928;0,030412;0,035126;0,027941;0,030932
0,025097;0,027482;0,030302;0,026837;0,026339;0,027055;0,030652;0,032148;0,026544;0,029356
0,026755;0,024816;0,026642;0,032664;0,030113;0,026991;0,029636;0,030316;0,028718;0,028383
0,027403;0,025758;0,026732;0,025822;0,027156;0,025209;0,029513;0,028764;0,027303;0,030756
0,027496;0,024276;0,028606;0,025646;0,026905;0,026609;0,030468;0,031442;0,02763;0,028321
0,027824;0,024496;0,026376;0,027878;0,027124;0,027394;0,033175;0,030269;0,030482;0,027471
0,024839;0,027245;0,026488;0,025057;0,02592;0,026713;0,029917;0,031751;0,028686;0,032013
0,026716;0,027544;0,028885;0,027497;0,027009;0,027709;0,031098;0,027478;0,026149;0,028445
0,026134;0,025859;0,026977;0,028335;0,027752;0,027442;0,032183;0,031641;0,030335;0,026824
0,027705;0,026358;0,026494;0,026027;0,025872;0,027294;0,032935;0,031512;0,027939;0,028748
0,026652;0,02492;0,028111;0,0273;0,028596;0,027277;0,03111;0,030968;0,028183;0,025978
0,02961;0,029311;0,026061;0,03068;0,026442;0,024155;0,031507;0,032657;0,031283;0,027136
0,025845;0,025686;0,027766;0,03077;0,028312;0,027017;0,029115;0,036491;0,028511;0,027739
0,027836;0,02568;0,028051;0,027454;0,026729;0,022299;0,03181;0,029518;0,030038;0,028097
0,027182;0,025894;0,026695;0,027822;0,025952;0,028856;0,030756;0,031524;0,025818;0,030407
0,024752;0,025443;0,026503;0,02525;0,028995;0,023669;0,033923;0,032275;0,028952;0,026889
0,027006;0,026073;0,027976;0,030796;0,026917;0,027206;0,031463;0,030287;0,02684;0,029388
0,026712;0,026429;0,02533;0,030273;0,0261;0,029256;0,031204;0,03138;0,029008;0,025505
0,028227;0,027826;0,025587;0,030104;0,028423;0,026867;0,031261;0,032769;0,028004;0,02854
0,026131;0,024776;0,026251;0,027471;0,025837;0,026537;0,030284;0,031551;0,028461;0,029157
0,024914;0,025351;0,024488;0,026498;0,02649;0,027895;0,03347;0,030863;0,027319;0,026712
0,027563;0,027075;0,027534;0,027896;0,02752;0,028342;0,029932;0,031145;0,028001;0,026987
0,025745;0,024738;0,024652;0,028014;0,027219;0,024625;0,032866;0,029506;0,029329;0,029369
0,024946;0,025379;0,027083;0,028152;0,025711;0,025868;0,028056;0,028305;0,028654;0,031325
0,026478;0,027316;0,024644;0,029439;0,027036;0,028386;0,031244;0,033923;0,030487;0,029914
0,025462;0,024436;0,0265;0,025452;0,026235;0,026829;0,032839;0,028919;0,028477;0,03112
0,028385;0,025328;0,024593;0,025722;0,027269;0,026236;0,033481;0,028853;0,02998;0,030814
