on layer[1] :
on neuron[1][1] :
+0,10313 ; -2,74665 ; -1,43003 ; -0,29125 ; -1,95451 ; +1,14913 ; -0,70632 ; +1,18563 ; -0,22581 ; +1,04219 ; +0,30803 ; +1,18326 ; -0,48674 ; +1,83667 ; -0,75218 ; -1,16016 ;  constant: -0,04744
on neuron[1][2] :
-0,06882 ; -1,65017 ; -0,54409 ; -0,28721 ; +0,34039 ; -0,66427 ; +1,12775 ; -0,12406 ; -1,19828 ; -0,49578 ; -1,24732 ; +0,53338 ; +0,59675 ; -0,79347 ; +1,11395 ; -1,10128 ;  constant: -0,02214
on neuron[1][3] :
-1,48270 ; +0,04916 ; +1,12142 ; +0,45449 ; +0,65886 ; -0,62696 ; -1,13924 ; +0,23901 ; +1,52259 ; +0,81481 ; -1,13988 ; -1,40348 ; -1,03534 ; -1,69006 ; -0,91427 ; -0,72700 ;  constant: -0,77276
on neuron[1][4] :
+0,37405 ; +0,92104 ; +1,69984 ; +0,04026 ; +1,42868 ; -0,73906 ; -0,62803 ; +0,16570 ; +0,24275 ; +1,35994 ; -2,21770 ; -0,06921 ; -0,63407 ; +1,11438 ; +0,12403 ; +0,50542 ;  constant: +1,05994
on neuron[1][5] :
-0,37968 ; -0,32708 ; +0,10406 ; -0,19252 ; +0,40204 ; -0,51271 ; -0,26170 ; +0,55793 ; +0,04579 ; +0,30492 ; -2,11669 ; -1,63580 ; -1,08433 ; -0,18300 ; -1,44775 ; +0,03862 ;  constant: +0,32566
on neuron[1][6] :
+3,40102 ; +0,75333 ; -0,35493 ; -0,50782 ; +1,36754 ; -0,32953 ; -1,78530 ; -0,32058 ; -0,86472 ; +0,83344 ; -0,50313 ; -1,10988 ; +1,64448 ; -0,55262 ; -1,08116 ; +0,84719 ;  constant: -0,97787
on neuron[1][7] :
-0,30585 ; -0,54769 ; +0,70208 ; -1,08300 ; +0,05347 ; -0,33076 ; -1,60883 ; +0,20814 ; +3,54750 ; -2,56113 ; -2,06848 ; +0,33924 ; -2,96514 ; +0,82235 ; -0,46771 ; -0,62982 ;  constant: +0,34947
on neuron[1][8] :
-1,09740 ; +1,07339 ; -0,26152 ; -0,26976 ; +0,04169 ; -1,02126 ; -0,88638 ; +0,19472 ; -1,55538 ; -0,94607 ; -0,03797 ; -1,05308 ; -2,60169 ; +0,50629 ; +0,05213 ; +1,51039 ;  constant: +0,29406
on neuron[1][9] :
+0,48038 ; -0,30602 ; -2,12947 ; +0,45626 ; -0,66438 ; +0,70602 ; -1,47565 ; +0,14739 ; +0,05972 ; -1,44081 ; -1,07872 ; +2,59044 ; +0,55502 ; +1,03873 ; -0,42998 ; -1,68090 ;  constant: -0,11246
on neuron[1][10] :
-1,00718 ; -0,74132 ; +0,01100 ; +1,03247 ; -1,07934 ; +0,13301 ; -0,16887 ; +1,75259 ; -1,65022 ; +0,63148 ; -0,74482 ; -0,60007 ; +0,30002 ; -0,25627 ; -1,83460 ; +0,39501 ;  constant: +1,05758
on neuron[1][11] :
+1,04463 ; -1,87351 ; +0,29597 ; +0,96319 ; -0,18248 ; +1,34363 ; -0,09548 ; +0,05459 ; +0,23852 ; -1,40619 ; +2,03807 ; -0,62405 ; +1,61385 ; -0,44082 ; +0,56998 ; -0,93444 ;  constant: +2,10341
on neuron[1][12] :
-1,01847 ; -1,06166 ; +0,46555 ; +1,50487 ; -0,36836 ; -0,29620 ; -1,11150 ; -1,07724 ; +0,26953 ; -0,66187 ; -0,09974 ; +1,05745 ; -0,02991 ; -0,37436 ; -0,51141 ; +2,79934 ;  constant: +0,74083
on neuron[1][13] :
-1,30578 ; +0,81904 ; -0,48973 ; +0,23906 ; +1,30562 ; +0,45920 ; +1,08278 ; -1,14015 ; -1,14744 ; -0,49829 ; -0,63477 ; +0,16461 ; +0,70590 ; +0,64409 ; -0,65040 ; -0,95911 ;  constant: +1,31662
on neuron[1][14] :
+0,57695 ; +0,94735 ; +0,30066 ; +0,79588 ; -1,24092 ; -0,05594 ; +0,44507 ; +0,58052 ; -1,64503 ; +0,42377 ; +1,04260 ; -1,57924 ; -0,01917 ; -1,10262 ; +0,21704 ; +1,09519 ;  constant: -0,98016
on neuron[1][15] :
+0,65547 ; -0,28887 ; -1,16104 ; +1,08383 ; -0,11454 ; -2,06569 ; +0,40127 ; +0,10069 ; -0,10454 ; -0,00539 ; +0,89946 ; +1,34943 ; +0,97808 ; -0,14206 ; -1,40146 ; +1,18582 ;  constant: -0,14502
on neuron[1][16] :
-0,29102 ; +2,04556 ; +0,36834 ; -1,19212 ; +1,27775 ; +1,14198 ; -1,59378 ; +0,20788 ; -2,69796 ; +2,10428 ; -0,57990 ; -1,49539 ; +0,76165 ; +0,14073 ; -1,47364 ; +0,24038 ;  constant: -0,15161
on neuron[1][17] :
+0,04947 ; +1,32195 ; -0,19502 ; +0,84623 ; -0,92615 ; -0,71677 ; -0,02396 ; -0,93454 ; +0,20193 ; -0,99758 ; +0,11046 ; -0,28110 ; +0,36255 ; -0,99723 ; +0,56389 ; +0,46188 ;  constant: -0,04729
on neuron[1][18] :
-1,43251 ; +0,34434 ; +2,41789 ; -1,30705 ; -1,29715 ; +0,38276 ; +0,71738 ; -0,09408 ; -1,50656 ; +0,80705 ; -1,16165 ; +1,34350 ; +1,23754 ; -1,07760 ; -0,71521 ; -0,61338 ;  constant: +0,23873
on neuron[1][19] :
+1,76836 ; +0,92882 ; -1,61016 ; -0,44368 ; +0,14358 ; -0,86586 ; -0,83546 ; +0,61497 ; +0,11697 ; +0,18127 ; -0,92756 ; -0,46087 ; -1,06726 ; -1,37050 ; -1,22085 ; +0,39161 ;  constant: +0,81645
on neuron[1][20] :
+0,60222 ; +1,28760 ; +1,55609 ; +0,17022 ; -0,65320 ; +0,57346 ; -0,40086 ; +0,21460 ; +1,01541 ; -0,53087 ; -0,93406 ; -1,11083 ; -0,67941 ; +0,48460 ; +0,20638 ; +0,24898 ;  constant: -0,08540
on neuron[1][21] :
-1,27988 ; +0,01039 ; +0,93773 ; -0,09062 ; +1,71587 ; +0,68349 ; +1,19851 ; +0,50755 ; -2,03322 ; +0,58970 ; +0,01263 ; +0,29250 ; +0,34729 ; +0,31437 ; -0,02608 ; +0,45543 ;  constant: +1,01927
on neuron[1][22] :
+0,93994 ; -0,20366 ; -1,26673 ; +1,24795 ; -1,53756 ; +1,37281 ; -0,74558 ; +0,84763 ; -0,40436 ; +2,12244 ; +1,78635 ; -1,47487 ; +0,94735 ; -0,48932 ; -0,20227 ; +0,38311 ;  constant: +0,50058
on neuron[1][23] :
+0,40399 ; -0,82479 ; +0,47851 ; -2,12138 ; -0,12877 ; +1,09452 ; +1,47985 ; +1,68497 ; +1,25445 ; +0,46666 ; +0,56619 ; +0,48065 ; +0,05920 ; -0,22739 ; +1,38503 ; +0,19791 ;  constant: +3,04519
on neuron[1][24] :
-0,50437 ; -3,20576 ; +1,28625 ; +0,58306 ; -0,70186 ; +0,26213 ; -1,59621 ; -1,49154 ; +1,37369 ; -0,07547 ; +1,42001 ; -0,08424 ; +0,16302 ; -0,05735 ; -1,20863 ; -0,02817 ;  constant: +0,22551
on neuron[1][25] :
-0,16451 ; +1,50107 ; -0,74418 ; +0,62483 ; -0,41921 ; -1,79072 ; +1,29305 ; -0,77459 ; +1,81989 ; -0,22014 ; -0,89010 ; -0,17718 ; -0,53566 ; -1,73671 ; +0,50306 ; +0,13044 ;  constant: -0,14728
on neuron[1][26] :
+0,29451 ; +0,23440 ; +0,28976 ; -0,81628 ; -0,80041 ; -0,87488 ; -0,25958 ; -0,34920 ; +0,65945 ; +0,47919 ; +1,32973 ; -0,77050 ; +1,06740 ; -1,63565 ; -2,81924 ; +0,05101 ;  constant: -0,19204
on neuron[1][27] :
-0,10681 ; -1,16022 ; +0,29580 ; +1,46909 ; +2,58140 ; +0,13827 ; +1,33781 ; +1,20773 ; +0,19825 ; -0,98658 ; +0,21119 ; +0,52748 ; +1,29709 ; +0,36449 ; +0,86470 ; +0,40993 ;  constant: -0,31338
on neuron[1][28] :
+0,54797 ; -0,67843 ; -0,45681 ; -0,07133 ; -0,37891 ; -0,31354 ; +0,51753 ; -0,28146 ; +1,21731 ; -0,75484 ; +0,11165 ; +0,20562 ; +0,22059 ; -0,12172 ; +2,63060 ; +0,00706 ;  constant: +0,02231
on neuron[1][29] :
+0,18109 ; -1,81030 ; -0,50042 ; -0,77820 ; +0,76917 ; +1,19031 ; +1,32661 ; +1,32586 ; +1,33609 ; -2,49418 ; -0,50922 ; -0,17791 ; -0,44468 ; -0,69106 ; +0,57816 ; +0,77697 ;  constant: +0,51875
on neuron[1][30] :
-1,05798 ; -1,05223 ; -1,08797 ; -0,83750 ; +0,74070 ; +1,61899 ; -0,12624 ; +0,04263 ; +0,33147 ; -0,18107 ; +1,17635 ; -1,51646 ; +0,30289 ; -1,33542 ; -0,35424 ; -1,33190 ;  constant: -0,79812
on neuron[1][31] :
-0,75988 ; +1,05889 ; -0,09123 ; +0,56786 ; +1,22098 ; +0,21998 ; -0,03271 ; -0,03818 ; +0,68698 ; -1,02188 ; -0,39136 ; +0,47439 ; +0,18733 ; -0,11064 ; -0,11117 ; -0,85819 ;  constant: -1,96016
on neuron[1][32] :
+1,53807 ; -1,37253 ; -1,56315 ; -1,32068 ; +0,52814 ; +1,50296 ; -0,37061 ; -0,28020 ; -0,02942 ; -1,55895 ; -0,74974 ; -0,19384 ; -0,12454 ; +0,36759 ; -0,37984 ; +1,76906 ;  constant: +0,11194
on neuron[1][33] :
-1,52368 ; -1,03465 ; -0,18837 ; -0,55789 ; -0,38873 ; -0,75342 ; +0,33566 ; +0,36686 ; +2,87894 ; -0,41539 ; +0,10998 ; +0,54294 ; -0,26884 ; +0,27413 ; -0,36351 ; +3,26689 ;  constant: +0,21983
on neuron[1][34] :
-0,79546 ; -0,94585 ; +0,63337 ; -0,78776 ; +1,15333 ; +1,81414 ; -2,02269 ; -0,12192 ; +0,80688 ; -1,39223 ; -0,67167 ; +0,26303 ; +0,39475 ; +0,82496 ; +0,38580 ; -2,08992 ;  constant: -0,64568
on neuron[1][35] :
-0,30059 ; -0,96169 ; -1,11408 ; -0,18438 ; -0,35644 ; -0,10193 ; -1,37554 ; +0,67227 ; -0,32782 ; -0,05396 ; -1,14193 ; +0,67016 ; +1,23013 ; -0,41562 ; -0,87305 ; -1,33082 ;  constant: -0,94023
on neuron[1][36] :
-0,70982 ; +0,39319 ; -0,93850 ; -0,56069 ; -2,58501 ; -0,81937 ; +0,20552 ; +0,29398 ; +0,66006 ; +0,11581 ; -0,09980 ; +1,93682 ; +1,96239 ; -0,37522 ; +0,24927 ; +0,62185 ;  constant: +0,95865
on neuron[1][37] :
-0,98567 ; +0,76703 ; -0,49436 ; +1,50180 ; -1,53023 ; +1,12537 ; +1,11740 ; +0,50472 ; +0,71090 ; -2,64322 ; -1,15720 ; -0,51919 ; -1,29412 ; +0,41059 ; -0,16006 ; -2,60084 ;  constant: -0,41735
on neuron[1][38] :
-1,41598 ; +0,28336 ; +0,40692 ; -0,91830 ; +0,12286 ; -0,72072 ; +2,33377 ; +0,02639 ; -2,74009 ; +0,09911 ; -0,19212 ; +1,03179 ; +1,39411 ; -0,79416 ; -0,57543 ; +1,25707 ;  constant: -1,04252
on neuron[1][39] :
-1,21454 ; -0,23197 ; +0,41520 ; +1,01245 ; +1,48705 ; +0,87673 ; -0,86867 ; -0,73990 ; -0,68193 ; -0,13109 ; +0,61407 ; +0,37743 ; +1,15711 ; -0,01577 ; +0,03426 ; +0,07170 ;  constant: +1,14718
on neuron[1][40] :
+0,84274 ; +0,49422 ; +0,10774 ; -0,45449 ; +0,33601 ; -0,52506 ; -1,14500 ; +0,62814 ; +0,58867 ; -0,24184 ; +0,29555 ; +0,13778 ; -1,74788 ; +0,81182 ; -0,19292 ; +0,81129 ;  constant: +1,45449
on neuron[1][41] :
+0,30104 ; -0,87657 ; +0,66416 ; +1,87146 ; +1,33297 ; -0,09886 ; +1,60391 ; -0,68228 ; -0,24150 ; -0,62399 ; -0,23699 ; +2,28525 ; +0,01744 ; +0,26353 ; +0,74374 ; -1,42768 ;  constant: -1,04224
on neuron[1][42] :
+0,12308 ; +0,01637 ; -0,17983 ; -0,88994 ; +0,62521 ; -0,53413 ; -0,04867 ; -0,05677 ; -0,33877 ; -1,51657 ; -0,71815 ; -1,11870 ; -0,46180 ; -1,82462 ; +0,15252 ; +0,99082 ;  constant: +0,94996
on neuron[1][43] :
+0,31461 ; -0,80099 ; -2,10036 ; +0,49777 ; +2,01346 ; +0,48567 ; +1,01414 ; +0,49451 ; +0,64114 ; -1,43342 ; +1,08524 ; +0,63315 ; -2,10283 ; -2,14471 ; -0,04056 ; +0,91896 ;  constant: +1,78470
on neuron[1][44] :
-0,25603 ; +1,36267 ; +0,18933 ; -0,15967 ; +1,19187 ; +0,60502 ; +0,42257 ; +0,98644 ; +0,37176 ; -0,15724 ; +1,52852 ; -1,40887 ; +0,18460 ; -0,63390 ; -0,81370 ; -0,45217 ;  constant: -0,62922
on neuron[1][45] :
+0,91039 ; -0,82586 ; -0,45695 ; +2,09945 ; -0,60769 ; +1,55897 ; -1,16777 ; +1,23354 ; +0,82566 ; +1,08006 ; -0,94173 ; +0,84803 ; -1,25513 ; +1,90151 ; -0,10344 ; -0,92033 ;  constant: -1,29211
on neuron[1][46] :
-0,50409 ; -1,32503 ; -0,18469 ; -1,34713 ; -0,53537 ; -0,74789 ; +0,00285 ; +0,07817 ; +0,12659 ; +2,00624 ; +1,26425 ; -1,14168 ; -0,69498 ; +0,86316 ; -0,34686 ; -0,93036 ;  constant: +2,10297
on neuron[1][47] :
+0,22549 ; -0,32971 ; +0,14373 ; -1,29216 ; +0,47289 ; -2,72856 ; -0,99845 ; -1,34764 ; -0,34443 ; +1,32232 ; +0,75145 ; +1,86095 ; -0,97104 ; -1,75628 ; +0,27041 ; +1,35327 ;  constant: +0,55179
on neuron[1][48] :
+0,43947 ; +0,42268 ; -1,03346 ; +0,54758 ; -0,03171 ; +0,21023 ; +1,14424 ; -0,75521 ; -0,55457 ; -0,24549 ; -1,88173 ; +1,76860 ; -0,58864 ; -0,61386 ; +0,31839 ; +0,18915 ;  constant: +0,02899
on neuron[1][49] :
+1,02872 ; -0,40350 ; +0,20702 ; -0,31053 ; +0,01326 ; -0,08931 ; +0,31415 ; +0,85308 ; +1,69420 ; -1,09998 ; +0,41631 ; +1,11260 ; +1,91940 ; -0,03331 ; +1,26802 ; -1,84350 ;  constant: +0,18531
on neuron[1][50] :
+1,85191 ; +0,01687 ; -0,71232 ; +0,65991 ; +0,72771 ; +1,45503 ; +1,59997 ; +0,01121 ; -0,25066 ; -0,02782 ; +1,30506 ; +0,80836 ; +0,36531 ; -1,40495 ; +0,09747 ; +0,28253 ;  constant: -0,35056
on neuron[1][51] :
+0,61552 ; +0,23149 ; -0,58773 ; +0,34943 ; +2,21479 ; -0,76231 ; -1,20532 ; +2,00140 ; +1,07386 ; +0,37189 ; +1,45635 ; -0,53875 ; +0,65800 ; +0,90003 ; +0,24888 ; +0,05933 ;  constant: +0,03798
on neuron[1][52] :
-0,78063 ; +1,69282 ; +0,87825 ; +0,53872 ; +0,29712 ; -0,57964 ; +0,88159 ; -1,31021 ; -0,69691 ; +1,24814 ; +0,13257 ; -0,03646 ; -2,00398 ; -0,14114 ; +0,83370 ; -1,24718 ;  constant: +0,75948
on neuron[1][53] :
+0,34320 ; +0,34605 ; +0,73444 ; -1,16588 ; +0,41878 ; +0,18597 ; +1,32331 ; +1,02240 ; -0,75253 ; -1,59272 ; -1,52303 ; -0,11881 ; +0,07042 ; +0,96541 ; +1,53658 ; -0,49156 ;  constant: -0,15972
on neuron[1][54] :
+1,18498 ; -1,09248 ; +0,09699 ; -1,58638 ; -0,22652 ; +0,35737 ; +0,12532 ; -0,12747 ; -0,35472 ; -0,58317 ; +2,43913 ; -0,49916 ; +0,38795 ; +0,67089 ; -0,03718 ; +0,19724 ;  constant: +0,56537
on neuron[1][55] :
+2,05591 ; -0,01378 ; -0,47937 ; -1,63425 ; +1,12366 ; +0,39138 ; -0,29533 ; +0,20216 ; -0,37373 ; +0,77488 ; -1,56214 ; -0,37819 ; +1,31407 ; +0,31810 ; -0,74196 ; -1,68231 ;  constant: -0,07251
on neuron[1][56] :
+1,01246 ; -0,23759 ; +0,66032 ; +0,52817 ; +0,50112 ; +1,09852 ; -1,12649 ; +1,16934 ; -0,29011 ; +1,07914 ; -1,85700 ; -1,04183 ; -0,29262 ; +2,90075 ; -0,27926 ; +0,94209 ;  constant: -0,90827
on neuron[1][57] :
+0,60936 ; +1,16759 ; +0,37371 ; +0,31535 ; -0,94769 ; -1,22435 ; +1,83291 ; +2,00015 ; -0,62090 ; -0,12172 ; +0,45391 ; -0,94969 ; -0,49522 ; +0,99440 ; -0,09442 ; -0,63597 ;  constant: +0,18364
on neuron[1][58] :
-0,40843 ; +0,23091 ; -1,15506 ; -0,72591 ; +0,26644 ; -1,05190 ; +1,21181 ; +1,36613 ; -0,22698 ; +0,39114 ; -0,14766 ; -0,03012 ; -0,53189 ; +0,04633 ; +0,68205 ; -0,17717 ;  constant: +0,65011
on neuron[1][59] :
-0,75573 ; -0,70813 ; -0,49389 ; +0,61692 ; +0,30316 ; -0,69428 ; -0,77982 ; -1,00470 ; -0,81758 ; -0,18949 ; +1,19579 ; -0,89890 ; -1,27454 ; +0,32151 ; +0,44619 ; +0,15175 ;  constant: +1,41863
on neuron[1][60] :
+1,10862 ; -1,67378 ; +0,12787 ; +0,88331 ; +0,42616 ; -0,25409 ; -1,15104 ; +2,76511 ; -0,06708 ; -0,65156 ; +0,41467 ; +1,03985 ; +0,44493 ; -0,41837 ; +0,11700 ; +1,18976 ;  constant: -0,30842
on neuron[1][61] :
+1,22075 ; +0,04956 ; +0,94483 ; +0,87047 ; +0,15065 ; -1,32996 ; -1,26663 ; -0,02677 ; -2,10564 ; -1,79226 ; +0,55260 ; +0,16256 ; -0,70021 ; -0,34107 ; +1,63389 ; +0,36447 ;  constant: +0,07357
on neuron[1][62] :
-0,49732 ; -0,16543 ; +0,34553 ; -1,02698 ; +0,25067 ; +0,15900 ; -0,23523 ; +1,26855 ; +0,63307 ; +0,49319 ; +1,39199 ; +0,68281 ; -0,07233 ; +0,00413 ; -0,38004 ; -1,02795 ;  constant: +0,30133
on neuron[1][63] :
+0,04241 ; +1,35741 ; +0,64820 ; -1,70828 ; +0,64383 ; -2,57619 ; -1,41908 ; +0,20800 ; +0,18008 ; -0,11972 ; +1,50106 ; -1,85743 ; -0,90732 ; +1,60743 ; -0,40991 ; -2,19346 ;  constant: -0,12433
on neuron[1][64] :
+0,11508 ; +1,19556 ; +0,43649 ; +1,35367 ; -0,22796 ; -0,34579 ; -0,03328 ; -1,63341 ; +0,01621 ; -1,50954 ; +0,54987 ; -1,97801 ; +1,09824 ; -0,47876 ; +0,84160 ; +1,33733 ;  constant: -0,97860
on layer[2] :
on neuron[2][1] :
-0,29095 ; +0,40117 ; +0,35923 ; -0,70370 ; -0,30506 ; +0,44750 ; -0,42719 ; -0,57474 ; +0,11907 ; -0,32363 ; +1,83193 ; -0,86580 ; +1,36248 ; -0,08731 ; +0,49200 ; +0,38928 ; +0,21368 ; +0,98988 ; -0,25706 ; +0,50833 ; +0,65129 ; -0,13375 ; -0,34209 ; +0,86095 ; +0,86201 ; -0,88343 ; +0,71293 ; -0,11448 ; -0,38787 ; -0,17503 ; +0,70978 ; -0,62416 ; -0,40055 ; -1,80560 ; -1,25503 ; +0,33244 ; -1,00350 ; -1,07933 ; -0,24292 ; +0,30611 ; +1,79268 ; +0,73281 ; -0,02020 ; +0,89614 ; +1,65310 ; -0,94797 ; -0,07286 ; -0,75117 ; +0,58384 ; -0,03695 ; +0,29402 ; +1,77377 ; +0,20138 ; -0,51925 ; -0,47668 ; -0,73878 ; +1,20506 ; +0,17365 ; +0,60373 ; +1,02702 ; -1,55573 ; -0,11268 ; +1,58986 ; -0,17957 ;  constant: +2,59283
on neuron[2][2] :
-1,61908 ; +0,49189 ; -1,52247 ; -1,72601 ; -0,52841 ; -1,08743 ; +0,47899 ; -1,37881 ; -0,03669 ; +0,42770 ; -0,36788 ; +0,26974 ; +1,70568 ; -0,84898 ; +1,05968 ; +0,35229 ; -0,07519 ; -1,39807 ; +0,67970 ; +0,22644 ; -0,25197 ; -1,77800 ; -0,69160 ; -0,20222 ; +0,61007 ; -0,59064 ; +0,48480 ; -0,46085 ; +1,03293 ; +0,95002 ; +0,84089 ; +0,36581 ; -0,06411 ; -2,17138 ; -0,70335 ; -1,34768 ; +0,31881 ; +0,22638 ; +0,13864 ; +1,69560 ; -1,40065 ; -1,16393 ; +1,40798 ; -1,17792 ; +0,42709 ; -0,84823 ; -1,29798 ; -0,10278 ; +0,11080 ; -1,22650 ; +0,79359 ; +1,21774 ; +0,67620 ; +1,99583 ; +0,69120 ; -0,43551 ; -2,02847 ; -0,08392 ; -0,70781 ; +0,59212 ; +1,50817 ; +1,61240 ; -2,45983 ; +0,02021 ;  constant: +0,08340
on neuron[2][3] :
-1,85209 ; +1,92374 ; -0,03042 ; +0,57034 ; +0,15585 ; +1,14403 ; +0,91016 ; +0,97570 ; +1,25382 ; -0,58755 ; +1,72911 ; +1,39746 ; -0,61026 ; -0,18028 ; -0,35988 ; -1,08891 ; -0,23861 ; -0,34419 ; -1,05567 ; +0,06456 ; +0,63518 ; +1,78443 ; -0,27097 ; -0,64393 ; +0,88451 ; +1,25780 ; +0,84889 ; -1,06812 ; +0,86414 ; +0,78640 ; -0,24307 ; +0,35545 ; +1,30574 ; +0,88919 ; -0,30224 ; -1,31862 ; -0,15060 ; -0,64642 ; +0,05825 ; -1,86492 ; +1,22150 ; -0,34679 ; +0,34963 ; +0,41242 ; -0,46056 ; -1,30571 ; +0,44387 ; +1,00190 ; -1,79934 ; +0,65273 ; +1,85766 ; -0,75063 ; +1,63277 ; +1,00138 ; +0,22854 ; +0,66224 ; -1,00714 ; +0,49310 ; -1,15323 ; +0,39755 ; +0,84313 ; -0,31502 ; -0,67169 ; -0,69041 ;  constant: +0,11885
on neuron[2][4] :
-0,68124 ; -1,55854 ; +0,15059 ; -1,17064 ; +0,58216 ; -1,45778 ; -0,88900 ; +0,25800 ; +0,19879 ; +0,31759 ; +1,47040 ; -0,91424 ; +0,01162 ; -1,89285 ; +1,01466 ; +0,19461 ; +1,87745 ; +0,06902 ; -1,03717 ; -1,48188 ; -2,08118 ; +0,43036 ; +1,56152 ; -0,36323 ; -0,74680 ; +1,16698 ; +0,89200 ; -1,64757 ; +1,65270 ; -1,17421 ; +1,61683 ; -0,49468 ; -0,79055 ; -0,98119 ; -1,14176 ; -2,46730 ; -0,05819 ; +1,75329 ; +2,73905 ; -0,22192 ; -2,68061 ; +0,01368 ; -0,67656 ; +0,07454 ; +0,50544 ; +1,10479 ; +0,21929 ; -1,33236 ; -1,55704 ; +1,94636 ; -0,00816 ; +0,95725 ; -0,72422 ; +1,99079 ; +0,76068 ; -1,72635 ; -0,09937 ; +1,34751 ; -0,74153 ; +0,66108 ; -0,34073 ; +1,15180 ; +1,43894 ; -0,06994 ;  constant: -0,99207
on neuron[2][5] :
+0,47618 ; -0,17855 ; -0,52812 ; +0,38757 ; -1,35081 ; -0,29830 ; +0,76147 ; +0,77479 ; +1,14650 ; -0,14606 ; +1,05879 ; -1,41540 ; -1,68890 ; +0,79879 ; -0,26652 ; +1,05598 ; -0,04804 ; +0,68664 ; +0,16415 ; +0,20340 ; +1,28818 ; +0,33033 ; +2,48466 ; -0,42930 ; -0,04497 ; -1,18618 ; +0,73287 ; +0,27484 ; +1,26347 ; +0,24941 ; +0,07800 ; -1,95677 ; +0,25133 ; +0,02203 ; -0,33264 ; +0,43843 ; +1,56678 ; -1,03500 ; +0,83583 ; -0,10659 ; +0,46329 ; -0,48582 ; +0,18222 ; +0,53118 ; +1,50805 ; +0,01032 ; +1,00090 ; -0,71009 ; -0,24322 ; +0,32407 ; +0,46518 ; -1,02766 ; -1,37883 ; +0,01034 ; +0,34127 ; -0,52456 ; +0,80786 ; +2,03218 ; +0,29169 ; +0,42500 ; +0,53382 ; -0,61675 ; +0,23429 ; -0,12080 ;  constant: +2,37793
on neuron[2][6] :
-0,87433 ; +1,16431 ; +0,94480 ; +0,04425 ; -0,81690 ; +0,35052 ; -0,22914 ; +1,11004 ; -0,48975 ; -0,47753 ; +2,49248 ; +0,46811 ; +0,94514 ; +0,51750 ; +0,64656 ; +1,45218 ; -1,62640 ; -0,85972 ; -0,61003 ; -1,18331 ; -0,99458 ; -0,31640 ; -0,27811 ; -1,81618 ; -0,78589 ; -0,98134 ; +1,03366 ; -0,82863 ; -0,04671 ; -0,51885 ; +1,39728 ; -1,39728 ; +0,65147 ; -0,02770 ; +0,77683 ; -0,69677 ; +0,06038 ; -0,78141 ; -0,45872 ; -0,58044 ; -0,32090 ; -0,67215 ; +1,65261 ; +0,75163 ; +0,28063 ; -1,12474 ; -0,45895 ; -0,47148 ; +1,47644 ; +0,61406 ; -0,84007 ; +0,54930 ; +0,09797 ; -1,12318 ; +0,14643 ; -1,60397 ; +1,14566 ; +0,63735 ; +0,25775 ; -0,69481 ; -0,50182 ; +0,44939 ; -0,11576 ; +1,64918 ;  constant: +0,78647
on neuron[2][7] :
+0,08454 ; -0,43166 ; -0,96692 ; +0,78821 ; +1,15009 ; +1,35486 ; +1,41816 ; -1,33376 ; -0,60645 ; +1,27755 ; +0,61064 ; +1,78629 ; +0,46490 ; +0,19687 ; -0,48376 ; -1,64695 ; -0,75253 ; +0,87638 ; -0,46860 ; +0,08525 ; +0,52853 ; -0,49391 ; +1,80478 ; +0,61572 ; +0,76105 ; +0,71344 ; -0,59326 ; -0,04683 ; +0,64922 ; -0,51889 ; -0,83456 ; +1,07999 ; -0,73913 ; -0,24304 ; -1,51274 ; +0,28172 ; +0,18783 ; -1,27641 ; -0,29502 ; -0,17702 ; +0,71382 ; +0,10506 ; +2,41199 ; -0,82072 ; +1,93452 ; -1,55990 ; -0,41108 ; -0,73752 ; +0,82165 ; -0,10940 ; -1,35859 ; +0,99086 ; +0,56542 ; -0,68798 ; -0,40566 ; -0,81999 ; -0,59125 ; -0,27091 ; -0,00113 ; -0,86280 ; +0,37497 ; -0,14883 ; -0,04898 ; +1,63599 ;  constant: -0,28771
on neuron[2][8] :
+2,60811 ; -0,82256 ; +0,27955 ; -0,66494 ; -0,90257 ; +0,65552 ; -0,64764 ; +0,99162 ; -1,21558 ; -1,00289 ; +0,23985 ; -1,66974 ; -0,05004 ; -0,65851 ; +0,97318 ; -1,66386 ; +0,13994 ; -1,04938 ; -0,74358 ; -0,56342 ; +0,80912 ; -1,29706 ; -0,27745 ; -0,62510 ; -0,47415 ; -1,28235 ; -0,07964 ; +0,98510 ; +0,83431 ; +2,68077 ; +0,41095 ; -0,36425 ; -0,46977 ; -1,57355 ; +0,22134 ; -0,86138 ; +1,46697 ; -1,75778 ; -0,49153 ; +0,25565 ; -0,72956 ; +2,20503 ; +0,11623 ; +1,53354 ; +0,73305 ; -1,08294 ; +0,11633 ; +0,05889 ; +0,48805 ; +0,68132 ; +1,43205 ; +0,29587 ; -0,04238 ; -0,49070 ; -0,95226 ; +0,82915 ; -0,80095 ; +0,73425 ; +1,71177 ; -0,53938 ; -0,63557 ; +0,26598 ; -0,87008 ; -1,32769 ;  constant: -0,29367
on neuron[2][9] :
-0,44337 ; +0,07286 ; -0,36086 ; -0,05246 ; +1,78087 ; -0,77613 ; +1,43441 ; -0,84552 ; +0,43204 ; -0,09123 ; +0,65808 ; +0,05477 ; -0,90199 ; -0,03710 ; +0,41524 ; -1,05565 ; +1,78599 ; +0,48739 ; -0,61229 ; +0,12241 ; -0,76816 ; -0,25706 ; +0,14408 ; +3,46563 ; -1,39114 ; +0,78208 ; -1,06816 ; +1,10140 ; +0,18469 ; -0,23240 ; -0,71713 ; -1,04178 ; -0,04925 ; +0,06672 ; -0,96998 ; +0,22052 ; -0,17944 ; +0,22328 ; -0,86233 ; -0,21075 ; -0,96784 ; -0,78673 ; +0,19922 ; -1,63743 ; +0,42244 ; -0,87666 ; +0,86193 ; -0,02136 ; +0,36732 ; -0,48237 ; -0,61006 ; +0,07232 ; +0,34784 ; -0,32511 ; +0,35947 ; -0,63009 ; -1,15876 ; +0,56725 ; -0,68002 ; -1,74608 ; +0,64081 ; -0,07813 ; +0,50764 ; +0,07838 ;  constant: -0,10526
on neuron[2][10] :
-0,68567 ; +1,10917 ; -0,07228 ; -0,37140 ; +1,33229 ; +0,24855 ; -0,24289 ; +0,50502 ; +0,00237 ; +1,07385 ; +1,44784 ; -1,07674 ; +0,42643 ; +0,33729 ; -0,50537 ; -0,77118 ; -0,61044 ; -0,91482 ; +0,41697 ; +0,92031 ; -1,34383 ; -0,54449 ; +0,97647 ; +0,22904 ; -0,54688 ; -0,41726 ; +1,62085 ; +0,27232 ; -0,23684 ; +0,10388 ; +0,48817 ; -0,35313 ; +0,49662 ; +0,04417 ; +0,33247 ; -0,68512 ; -0,23556 ; -0,06336 ; +1,07877 ; -0,53326 ; -0,79928 ; -0,09579 ; -0,70682 ; +0,82701 ; +0,51998 ; +1,38190 ; -0,83550 ; -1,55628 ; +0,96107 ; -0,79654 ; -2,00622 ; +0,83432 ; +0,03756 ; -0,03628 ; -1,39777 ; +0,14848 ; +0,58364 ; -0,83932 ; +0,08340 ; +0,54855 ; +0,65413 ; +0,62715 ; -0,24943 ; +0,08809 ;  constant: -0,16136
on neuron[2][11] :
-1,00215 ; -0,94587 ; -0,48214 ; +0,13955 ; +1,15168 ; +0,52088 ; -2,25951 ; +0,37030 ; -1,25907 ; +0,56412 ; +0,26946 ; -1,34780 ; -1,33904 ; +0,24936 ; -0,71846 ; -0,40123 ; +0,98456 ; -1,73758 ; -0,30247 ; -1,14190 ; +0,56048 ; -0,36857 ; -1,03053 ; +0,25285 ; -0,62319 ; +0,17247 ; +2,25589 ; +0,45102 ; +1,74679 ; +0,91236 ; +0,49986 ; -1,38303 ; -0,91911 ; +1,30738 ; +0,24890 ; -0,04146 ; -0,42803 ; +1,43714 ; -0,35147 ; +1,40391 ; -0,28817 ; +1,12612 ; -1,55521 ; +0,81753 ; +0,23685 ; -0,50111 ; -1,13701 ; -0,30926 ; +0,18885 ; -0,25319 ; +1,16610 ; -0,29393 ; +0,34575 ; -0,06306 ; -1,05104 ; -1,18007 ; +0,24300 ; +1,48690 ; -1,56627 ; -0,64591 ; +2,05452 ; -1,34859 ; +0,34376 ; -1,34623 ;  constant: -0,05449
on neuron[2][12] :
+0,46612 ; -0,71867 ; -2,37091 ; -0,06031 ; -0,63585 ; -0,02456 ; -0,67471 ; +0,00991 ; +1,30746 ; -0,21389 ; +0,71272 ; +0,56568 ; +1,94576 ; -0,41254 ; +0,79886 ; -0,50759 ; +1,07330 ; -0,14842 ; -0,34214 ; +0,62121 ; +1,01471 ; -2,08980 ; +0,12724 ; +1,53496 ; -0,39776 ; +0,70632 ; -2,72150 ; +0,73051 ; +1,02689 ; -1,70469 ; -0,17322 ; -0,03659 ; +0,11269 ; +0,91916 ; -3,24418 ; +0,07685 ; +2,34979 ; -0,12360 ; -1,32758 ; -0,40490 ; +1,03968 ; +0,21212 ; -0,31416 ; -0,71405 ; +1,25906 ; -0,46485 ; -1,33585 ; +1,54851 ; +0,60854 ; +0,25193 ; +1,14675 ; -0,32640 ; -0,17908 ; -0,17371 ; -0,66305 ; +1,10186 ; +0,52007 ; +0,45836 ; +0,96741 ; +1,60789 ; -1,18413 ; -1,18960 ; -2,32053 ; -0,74455 ;  constant: -0,09864
on neuron[2][13] :
+0,73871 ; -0,02363 ; -0,33079 ; -2,57182 ; +0,63938 ; -0,62382 ; -0,52144 ; +0,37163 ; +2,05739 ; +1,98006 ; +1,97005 ; -1,33714 ; +2,29088 ; -0,28161 ; -0,36935 ; +0,39744 ; -0,43640 ; -0,47405 ; -0,56071 ; -1,17446 ; -0,00242 ; +0,79529 ; -0,74090 ; -1,32558 ; -0,13105 ; -0,43734 ; -0,31919 ; +0,12112 ; -1,58601 ; -0,02209 ; -0,35279 ; -0,71447 ; +0,84568 ; -1,75521 ; +0,34648 ; -0,58660 ; -0,44771 ; +0,71376 ; -1,03539 ; +1,51587 ; +1,17273 ; +0,36932 ; +1,59058 ; +0,17130 ; -0,73946 ; +1,05521 ; +0,50466 ; -0,32673 ; +1,09347 ; +1,17605 ; -1,28834 ; +1,28428 ; +1,20421 ; +1,10753 ; -0,32203 ; -0,28926 ; +0,05591 ; +0,67450 ; -0,12739 ; +0,18949 ; -0,34379 ; -0,76767 ; +1,58041 ; +1,92594 ;  constant: +0,07237
on neuron[2][14] :
-0,04635 ; +0,72715 ; +1,71557 ; +0,20413 ; +0,81851 ; -0,11779 ; +1,17176 ; -1,68537 ; -0,71509 ; -0,50769 ; -0,00968 ; -2,10373 ; +1,43992 ; +1,30859 ; -0,73757 ; -0,57314 ; -2,07902 ; -0,39081 ; -0,32874 ; +0,96583 ; +1,76402 ; -0,33004 ; +0,39984 ; +0,35687 ; +0,62048 ; -0,67007 ; -1,14316 ; +0,35729 ; +1,31099 ; +0,98236 ; -0,40494 ; +0,75167 ; +0,28238 ; +1,42589 ; -0,07780 ; -0,72419 ; +1,76765 ; +0,02257 ; +0,77917 ; -0,46360 ; +1,03737 ; -0,50732 ; +0,38115 ; +0,65608 ; -1,00813 ; -1,26645 ; -0,07132 ; -0,41204 ; +0,79043 ; -0,42077 ; -1,52796 ; -0,64134 ; +0,23984 ; +0,52861 ; +1,15497 ; +1,07519 ; +0,09862 ; -1,38423 ; -0,12848 ; +0,25813 ; +1,73783 ; -0,36045 ; -0,03576 ; +0,50061 ;  constant: +0,49843
on neuron[2][15] :
+0,01499 ; +0,49376 ; +0,46261 ; -1,91154 ; +0,53187 ; +1,09642 ; -1,23103 ; -0,27956 ; +0,23319 ; +0,70504 ; +0,90546 ; +0,32419 ; +0,30692 ; -0,94961 ; -0,23698 ; -2,17006 ; +1,48597 ; -1,76653 ; -0,69975 ; -0,49596 ; +0,40524 ; +0,54375 ; +0,41641 ; -1,91131 ; +0,55854 ; -1,27769 ; +0,93776 ; -1,20094 ; -1,43361 ; -0,53322 ; +1,36967 ; +0,45895 ; -0,34170 ; +0,28787 ; -0,41393 ; +1,25760 ; +0,78762 ; +1,48865 ; +1,05594 ; -0,69247 ; +0,48680 ; +1,90676 ; -0,88906 ; +0,01681 ; -0,29740 ; -1,14860 ; +0,09044 ; -0,54234 ; +0,15167 ; +1,20776 ; +2,00979 ; +0,02124 ; -0,64110 ; -1,64424 ; +1,73052 ; +1,21173 ; -0,99618 ; +1,56577 ; -0,92914 ; +0,52530 ; +0,84294 ; -0,06799 ; +1,32471 ; -1,08317 ;  constant: +1,94733
on neuron[2][16] :
+0,25357 ; +0,04248 ; +1,10429 ; +1,28793 ; -0,16778 ; +0,22056 ; -0,61523 ; +0,84049 ; -0,46488 ; -0,66280 ; -0,37366 ; +1,33842 ; -2,10332 ; -0,77866 ; -1,83011 ; +1,72558 ; -1,36764 ; -0,02990 ; -0,47589 ; +0,35346 ; -1,81757 ; +0,05213 ; +1,00997 ; -0,44427 ; -0,40899 ; +0,05471 ; -0,51075 ; +0,16423 ; -0,21315 ; -0,52974 ; -0,31819 ; -1,06940 ; -1,23180 ; -0,34635 ; -0,51281 ; -1,23729 ; -0,24684 ; -0,47249 ; +1,70941 ; +1,55560 ; +0,64115 ; +1,40063 ; +1,23485 ; +0,97866 ; +1,66042 ; +0,58319 ; +1,36195 ; +1,26285 ; +0,84374 ; +1,09626 ; +0,03457 ; -0,10440 ; -0,94136 ; +0,57668 ; +0,99992 ; -1,46169 ; -1,77522 ; -0,31543 ; -1,46298 ; -0,83203 ; +0,30797 ; +1,46514 ; +1,05382 ; -0,43051 ;  constant: +0,26001
on layer[3] :
on neuron[3][1] :
+1,52885 ; +1,16785 ; -0,06792 ; +0,58375 ; -0,13045 ; -1,10825 ; -0,36833 ; +1,94189 ; +0,74500 ; -0,95064 ; +0,52019 ; +1,29366 ; -0,00362 ; -0,34648 ; +0,51188 ; +0,90149 ;  constant: -2,01678
