on layer[1] :
on neuron[1][1] :
+0,01829 ; +0,00678 ; +0,00247 ; +0,00091 ; +0,00034 ; +0,00012 ; +0,00005 ; +0,00002 ; +0,00001 ; +0,00000 ; +0,00000 ; +0,00000 ; +0,99980 ; +0,24389 ; +0,09013 ; +0,03290 ;  constant: +0,00000
on neuron[1][2] :
+0,01827 ; +0,00676 ; +0,00247 ; +0,00091 ; +0,00034 ; +0,00012 ; +0,00005 ; +0,00002 ; +0,00148 ; +0,00055 ; +0,00020 ; +0,00008 ; +0,99825 ; +0,24293 ; +0,08972 ; +0,03284 ;  constant: +0,00000
on neuron[1][3] :
+0,01049 ; +0,00386 ; +0,00141 ; +0,00052 ; +0,00019 ; +0,00007 ; +0,00003 ; +0,00001 ; +0,40392 ; +0,14875 ; +0,05473 ; +0,02010 ; +0,57290 ; +0,13934 ; +0,05138 ; +0,01887 ;  constant: +0,00000
on neuron[1][4] :
+0,00036 ; +0,00013 ; +0,00005 ; +0,00002 ; +0,00001 ; +0,00000 ; +0,00000 ; +0,00000 ; +0,92697 ; +0,34252 ; +0,12583 ; +0,04624 ; +0,01967 ; +0,00522 ; +0,00192 ; +0,00071 ;  constant: +0,00000
on neuron[1][5] :
+0,00031 ; +0,00011 ; +0,00004 ; +0,00002 ; +0,00001 ; +0,00000 ; +0,00000 ; +0,00000 ; +0,92901 ; +0,34409 ; +0,12628 ; +0,04643 ; +0,01722 ; +0,00466 ; +0,00171 ; +0,00063 ;  constant: +0,00000
on neuron[1][6] :
+0,00037 ; +0,00014 ; +0,00005 ; +0,00002 ; +0,00001 ; +0,00000 ; +0,00000 ; +0,00172 ; +0,92815 ; +0,34296 ; +0,12599 ; +0,04630 ; +0,01718 ; +0,00462 ; +0,00170 ; +0,00067 ;  constant: +0,00000
on neuron[1][7] :
+0,00413 ; +0,00152 ; +0,00056 ; +0,00021 ; +0,00008 ; +0,00003 ; +0,00001 ; +0,47093 ; +0,62829 ; +0,23118 ; +0,08510 ; +0,03128 ; +0,01156 ; +0,00311 ; +0,00114 ; +0,00322 ;  constant: +0,00000
on neuron[1][8] :
+0,00162 ; +0,00060 ; +0,00022 ; +0,00008 ; +0,00003 ; +0,00001 ; +0,00000 ; +0,92607 ; +0,34344 ; +0,12606 ; +0,04645 ; +0,01710 ; +0,00623 ; +0,00170 ; +0,00062 ; +0,00132 ;  constant: +0,00000
on neuron[1][9] :
+0,00041 ; +0,00015 ; +0,00006 ; +0,00002 ; +0,00001 ; +0,00000 ; +0,00000 ; +0,92919 ; +0,34289 ; +0,12558 ; +0,04633 ; +0,01704 ; +0,00621 ; +0,00169 ; +0,00062 ; +0,00045 ;  constant: +0,00000
on neuron[1][10] :
+0,00019 ; +0,00007 ; +0,00003 ; +0,00001 ; +0,00000 ; +0,00000 ; +0,00197 ; +0,92825 ; +0,34225 ; +0,12562 ; +0,04628 ; +0,01704 ; +0,00621 ; +0,00170 ; +0,00063 ; +0,00028 ;  constant: +0,00000
on neuron[1][11] :
+0,00233 ; +0,00086 ; +0,00031 ; +0,00012 ; +0,00004 ; +0,00002 ; +0,47676 ; +0,62680 ; +0,23034 ; +0,08479 ; +0,03116 ; +0,01151 ; +0,00420 ; +0,00114 ; +0,00204 ; +0,00076 ;  constant: +0,00000
on neuron[1][12] :
+0,00017 ; +0,00006 ; +0,00002 ; +0,00001 ; +0,00000 ; +0,00000 ; +0,92751 ; +0,34456 ; +0,12560 ; +0,04667 ; +0,01701 ; +0,00631 ; +0,00231 ; +0,00061 ; +0,00031 ; +0,00012 ;  constant: +0,00000
on neuron[1][13] :
+0,00005 ; +0,00002 ; +0,00001 ; +0,00000 ; +0,00000 ; +0,00000 ; +0,92946 ; +0,34329 ; +0,12506 ; +0,04656 ; +0,01694 ; +0,00628 ; +0,00231 ; +0,00061 ; +0,00023 ; +0,00008 ;  constant: +0,00000
on neuron[1][14] :
+0,01828 ; +0,00676 ; +0,00247 ; +0,00091 ; +0,00034 ; +0,00012 ; +0,00005 ; +0,00002 ; +0,00001 ; +0,00000 ; +0,00000 ; +0,00142 ; +0,99881 ; +0,24308 ; +0,08978 ; +0,03286 ;  constant: +0,00000
on neuron[1][15] :
+0,01825 ; +0,00674 ; +0,00246 ; +0,00091 ; +0,00034 ; +0,00012 ; +0,00005 ; +0,00002 ; +0,00148 ; +0,00055 ; +0,00020 ; +0,00153 ; +0,99722 ; +0,24221 ; +0,08938 ; +0,03278 ;  constant: +0,00000
on neuron[1][16] :
+0,01051 ; +0,00387 ; +0,00142 ; +0,00052 ; +0,00019 ; +0,00007 ; +0,00003 ; +0,00001 ; +0,40127 ; +0,14867 ; +0,05473 ; +0,02106 ; +0,57403 ; +0,13978 ; +0,05153 ; +0,01893 ;  constant: +0,00000
on neuron[1][17] :
+0,00036 ; +0,00013 ; +0,00005 ; +0,00002 ; +0,00001 ; +0,00000 ; +0,00000 ; +0,00000 ; +0,92517 ; +0,34314 ; +0,12615 ; +0,04634 ; +0,01984 ; +0,00524 ; +0,00193 ; +0,00071 ;  constant: +0,00000
on neuron[1][18] :
+0,00038 ; +0,00014 ; +0,00005 ; +0,00002 ; +0,00001 ; +0,00000 ; +0,00000 ; +0,00000 ; +0,92745 ; +0,34448 ; +0,12655 ; +0,04650 ; +0,01726 ; +0,00464 ; +0,00171 ; +0,00067 ;  constant: +0,00000
on neuron[1][19] :
+0,00757 ; +0,00278 ; +0,00103 ; +0,00038 ; +0,00014 ; +0,00005 ; +0,00002 ; +0,00185 ; +0,91920 ; +0,34093 ; +0,12533 ; +0,04604 ; +0,01711 ; +0,00457 ; +0,00168 ; +0,00582 ;  constant: +0,00000
on neuron[1][20] :
+0,27226 ; +0,09997 ; +0,03689 ; +0,01352 ; +0,00497 ; +0,00184 ; +0,00068 ; +0,33768 ; +0,44384 ; +0,16403 ; +0,06039 ; +0,02220 ; +0,00820 ; +0,00220 ; +0,00081 ; +0,19480 ;  constant: +0,00000
on neuron[1][21] :
+0,13975 ; +0,05144 ; +0,01894 ; +0,00694 ; +0,00255 ; +0,00094 ; +0,00035 ; +0,78846 ; +0,29222 ; +0,10732 ; +0,03953 ; +0,01457 ; +0,00531 ; +0,00145 ; +0,00053 ; +0,10038 ;  constant: +0,00000
on neuron[1][22] :
+0,03257 ; +0,01201 ; +0,00441 ; +0,00162 ; +0,00059 ; +0,00022 ; +0,00008 ; +0,89713 ; +0,33079 ; +0,12140 ; +0,04473 ; +0,01647 ; +0,00600 ; +0,00164 ; +0,00061 ; +0,02360 ;  constant: +0,00000
on neuron[1][23] :
+0,01064 ; +0,00392 ; +0,00144 ; +0,00053 ; +0,00019 ; +0,00007 ; +0,00204 ; +0,91786 ; +0,33820 ; +0,12421 ; +0,04576 ; +0,01687 ; +0,00614 ; +0,00168 ; +0,00286 ; +0,00636 ;  constant: +0,00000
on neuron[1][24] :
+0,20291 ; +0,07492 ; +0,02726 ; +0,01008 ; +0,00374 ; +0,00137 ; +0,37282 ; +0,49223 ; +0,18087 ; +0,06657 ; +0,02447 ; +0,00904 ; +0,00330 ; +0,00089 ; +0,14585 ; +0,05449 ;  constant: +0,00000
on neuron[1][25] :
+0,03920 ; +0,01447 ; +0,00527 ; +0,00195 ; +0,00072 ; +0,00026 ; +0,88858 ; +0,33023 ; +0,12052 ; +0,04470 ; +0,01631 ; +0,00605 ; +0,00222 ; +0,00059 ; +0,02843 ; +0,01043 ;  constant: +0,00000
on neuron[1][26] :
+0,00423 ; +0,00156 ; +0,00057 ; +0,00021 ; +0,00008 ; +0,00003 ; +0,92519 ; +0,34197 ; +0,12465 ; +0,04632 ; +0,01689 ; +0,00626 ; +0,00230 ; +0,00061 ; +0,00324 ; +0,00119 ;  constant: +0,00000
on neuron[1][27] :
+0,01307 ; +0,00481 ; +0,00176 ; +0,00065 ; +0,00024 ; +0,00009 ; +0,00003 ; +0,00001 ; +0,00001 ; +0,00000 ; +0,00000 ; +0,41032 ; +0,71294 ; +0,17795 ; +0,06572 ; +0,02409 ;  constant: +0,00000
on neuron[1][28] :
+0,01305 ; +0,00480 ; +0,00176 ; +0,00065 ; +0,00024 ; +0,00009 ; +0,00003 ; +0,00001 ; +0,00095 ; +0,00135 ; +0,00049 ; +0,40927 ; +0,71176 ; +0,17768 ; +0,06561 ; +0,02406 ;  constant: +0,00000
on neuron[1][29] :
+0,00722 ; +0,00266 ; +0,00097 ; +0,00036 ; +0,00013 ; +0,00005 ; +0,00002 ; +0,00001 ; +0,21254 ; +0,30421 ; +0,11098 ; +0,25594 ; +0,39343 ; +0,09868 ; +0,03642 ; +0,01337 ;  constant: +0,00000
on neuron[1][30] :
+0,00066 ; +0,00024 ; +0,00009 ; +0,00003 ; +0,00001 ; +0,00000 ; +0,00000 ; +0,00000 ; +0,45107 ; +0,64286 ; +0,23468 ; +0,08755 ; +0,03380 ; +0,00907 ; +0,00335 ; +0,00126 ;  constant: +0,00000
on neuron[1][31] :
+0,00449 ; +0,00165 ; +0,00061 ; +0,00022 ; +0,00008 ; +0,00003 ; +0,00001 ; +0,00001 ; +0,45403 ; +0,63970 ; +0,23359 ; +0,08600 ; +0,03170 ; +0,00855 ; +0,00315 ; +0,00395 ;  constant: +0,00000
on neuron[1][32] :
+0,27259 ; +0,10010 ; +0,03693 ; +0,01354 ; +0,00497 ; +0,00184 ; +0,00068 ; +0,00103 ; +0,32092 ; +0,45498 ; +0,16611 ; +0,06117 ; +0,02254 ; +0,00608 ; +0,00224 ; +0,19538 ;  constant: +0,00000
on neuron[1][33] :
+0,89836 ; +0,33040 ; +0,12176 ; +0,04463 ; +0,01637 ; +0,00607 ; +0,00223 ; +0,01118 ; +0,01460 ; +0,01604 ; +0,00586 ; +0,00216 ; +0,00079 ; +0,00021 ; +0,00008 ; +0,64333 ;  constant: +0,00000
on neuron[1][34] :
+0,88129 ; +0,32481 ; +0,11943 ; +0,04381 ; +0,01604 ; +0,00596 ; +0,00219 ; +0,04892 ; +0,01814 ; +0,00676 ; +0,00249 ; +0,00092 ; +0,00033 ; +0,00009 ; +0,00003 ; +0,63396 ;  constant: +0,00000
on neuron[1][35] :
+0,74193 ; +0,27299 ; +0,10056 ; +0,03686 ; +0,01351 ; +0,00501 ; +0,00184 ; +0,18852 ; +0,06947 ; +0,02552 ; +0,00940 ; +0,00346 ; +0,00126 ; +0,00034 ; +0,00104 ; +0,53101 ;  constant: +0,00000
on neuron[1][36] :
+0,62152 ; +0,22908 ; +0,08379 ; +0,03091 ; +0,01140 ; +0,00419 ; +0,00226 ; +0,30831 ; +0,11353 ; +0,04170 ; +0,01536 ; +0,00567 ; +0,00206 ; +0,00056 ; +0,25663 ; +0,28211 ;  constant: +0,00000
on neuron[1][37] :
+0,88657 ; +0,32733 ; +0,11912 ; +0,04406 ; +0,01634 ; +0,00597 ; +0,02437 ; +0,02979 ; +0,01095 ; +0,00403 ; +0,00148 ; +0,00055 ; +0,00020 ; +0,00005 ; +0,63582 ; +0,23600 ;  constant: +0,00000
on neuron[1][38] :
+0,79162 ; +0,29204 ; +0,10631 ; +0,03929 ; +0,01459 ; +0,00533 ; +0,13965 ; +0,05190 ; +0,01895 ; +0,00702 ; +0,00256 ; +0,00095 ; +0,00035 ; +0,00009 ; +0,56932 ; +0,20894 ;  constant: +0,00000
on neuron[1][39] :
+0,60423 ; +0,22290 ; +0,08115 ; +0,02999 ; +0,01113 ; +0,00407 ; +0,32678 ; +0,12084 ; +0,04413 ; +0,01636 ; +0,00597 ; +0,00221 ; +0,00081 ; +0,00021 ; +0,43588 ; +0,16013 ;  constant: +0,00000
on neuron[1][40] :
+0,00635 ; +0,00234 ; +0,00087 ; +0,00032 ; +0,00012 ; +0,00004 ; +0,00002 ; +0,00001 ; +0,00000 ; +0,00000 ; +0,00000 ; +0,93649 ; +0,34557 ; +0,09599 ; +0,03556 ; +0,01297 ;  constant: +0,00000
on neuron[1][41] :
+0,00634 ; +0,00234 ; +0,00086 ; +0,00032 ; +0,00012 ; +0,00004 ; +0,00002 ; +0,00001 ; +0,00001 ; +0,00195 ; +0,00071 ; +0,93491 ; +0,34458 ; +0,09492 ; +0,03522 ; +0,01283 ;  constant: +0,00000
on neuron[1][42] :
+0,00355 ; +0,00131 ; +0,00048 ; +0,00018 ; +0,00007 ; +0,00002 ; +0,00001 ; +0,00000 ; +0,00108 ; +0,47348 ; +0,17233 ; +0,52312 ; +0,19277 ; +0,05266 ; +0,01953 ; +0,00713 ;  constant: +0,00000
on neuron[1][43] :
+0,00086 ; +0,00032 ; +0,00012 ; +0,00004 ; +0,00002 ; +0,00001 ; +0,00000 ; +0,00000 ; +0,00188 ; +0,92808 ; +0,33820 ; +0,12632 ; +0,04643 ; +0,01258 ; +0,00465 ; +0,00171 ;  constant: +0,00000
on neuron[1][44] :
+0,00229 ; +0,00084 ; +0,00031 ; +0,00011 ; +0,00004 ; +0,00002 ; +0,00001 ; +0,00000 ; +0,00193 ; +0,92844 ; +0,33850 ; +0,12437 ; +0,04575 ; +0,01237 ; +0,00457 ; +0,00272 ;  constant: +0,00000
on neuron[1][45] :
+0,13634 ; +0,05019 ; +0,01848 ; +0,00677 ; +0,00248 ; +0,00092 ; +0,00034 ; +0,00013 ; +0,00166 ; +0,79430 ; +0,28949 ; +0,10648 ; +0,03914 ; +0,01060 ; +0,00392 ; +0,09874 ;  constant: +0,00000
on neuron[1][46] :
+0,87975 ; +0,32425 ; +0,11922 ; +0,04373 ; +0,01601 ; +0,00595 ; +0,00218 ; +0,00089 ; +0,00044 ; +0,04995 ; +0,01821 ; +0,00669 ; +0,00246 ; +0,00067 ; +0,00025 ; +0,63288 ;  constant: +0,00000
on neuron[1][47] :
+0,92837 ; +0,34297 ; +0,12571 ; +0,04623 ; +0,01689 ; +0,00628 ; +0,00230 ; +0,00133 ; +0,00050 ; +0,00069 ; +0,00025 ; +0,00009 ; +0,00003 ; +0,00001 ; +0,00000 ; +0,66801 ;  constant: +0,00000
on neuron[1][48] :
+0,92739 ; +0,34175 ; +0,12570 ; +0,04610 ; +0,01688 ; +0,00627 ; +0,00230 ; +0,00308 ; +0,00114 ; +0,00042 ; +0,00016 ; +0,00006 ; +0,00002 ; +0,00000 ; +0,00023 ; +0,65711 ;  constant: +0,00000
on neuron[1][49] :
+0,92483 ; +0,34067 ; +0,12509 ; +0,04607 ; +0,01699 ; +0,00625 ; +0,00231 ; +0,00569 ; +0,00210 ; +0,00077 ; +0,00028 ; +0,00010 ; +0,00004 ; +0,00001 ; +0,29285 ; +0,40066 ;  constant: +0,00000
on neuron[1][50] :
+0,92903 ; +0,34270 ; +0,12491 ; +0,04615 ; +0,01713 ; +0,00626 ; +0,00261 ; +0,00124 ; +0,00046 ; +0,00017 ; +0,00006 ; +0,00002 ; +0,00001 ; +0,00000 ; +0,63806 ; +0,23790 ;  constant: +0,00000
on neuron[1][51] :
+0,92818 ; +0,34224 ; +0,12459 ; +0,04603 ; +0,01709 ; +0,00625 ; +0,00380 ; +0,00140 ; +0,00051 ; +0,00019 ; +0,00007 ; +0,00003 ; +0,00001 ; +0,00000 ; +0,66613 ; +0,24511 ;  constant: +0,00000
on neuron[1][52] :
+0,92749 ; +0,34238 ; +0,12462 ; +0,04605 ; +0,01709 ; +0,00625 ; +0,00434 ; +0,00160 ; +0,00059 ; +0,00022 ; +0,00008 ; +0,00003 ; +0,00001 ; +0,00000 ; +0,66902 ; +0,24636 ;  constant: +0,00000
on neuron[1][53] :
+0,00633 ; +0,00233 ; +0,00086 ; +0,00032 ; +0,00012 ; +0,00004 ; +0,00002 ; +0,00001 ; +0,00000 ; +0,00000 ; +0,00001 ; +0,93876 ; +0,34439 ; +0,09729 ; +0,03598 ; +0,01313 ;  constant: +0,00000
on neuron[1][54] :
+0,00631 ; +0,00233 ; +0,00086 ; +0,00031 ; +0,00012 ; +0,00004 ; +0,00002 ; +0,00001 ; +0,00000 ; +0,00188 ; +0,00069 ; +0,93731 ; +0,34326 ; +0,09543 ; +0,03536 ; +0,01289 ;  constant: +0,00000
on neuron[1][55] :
+0,00354 ; +0,00130 ; +0,00048 ; +0,00018 ; +0,00007 ; +0,00002 ; +0,00001 ; +0,00000 ; +0,00000 ; +0,47210 ; +0,17192 ; +0,52640 ; +0,19247 ; +0,05276 ; +0,01957 ; +0,00714 ;  constant: +0,00000
on neuron[1][56] :
+0,00085 ; +0,00031 ; +0,00012 ; +0,00005 ; +0,00002 ; +0,00001 ; +0,00000 ; +0,00000 ; +0,00000 ; +0,92926 ; +0,33879 ; +0,12634 ; +0,04647 ; +0,01257 ; +0,00465 ; +0,00170 ;  constant: +0,00000
on neuron[1][57] :
+0,00113 ; +0,00042 ; +0,00015 ; +0,00006 ; +0,00002 ; +0,00001 ; +0,00000 ; +0,00000 ; +0,00000 ; +0,93092 ; +0,33908 ; +0,12462 ; +0,04590 ; +0,01229 ; +0,00455 ; +0,00187 ;  constant: +0,00000
on neuron[1][58] :
+0,03220 ; +0,01188 ; +0,00436 ; +0,00161 ; +0,00059 ; +0,00022 ; +0,00008 ; +0,00003 ; +0,00001 ; +0,89967 ; +0,32801 ; +0,12051 ; +0,04433 ; +0,01198 ; +0,00443 ; +0,02421 ;  constant: +0,00000
on neuron[1][59] :
+0,73763 ; +0,27138 ; +0,09997 ; +0,03665 ; +0,01344 ; +0,00498 ; +0,00183 ; +0,00067 ; +0,00025 ; +0,19272 ; +0,07023 ; +0,02584 ; +0,00950 ; +0,00257 ; +0,00095 ; +0,52664 ;  constant: +0,00000
on neuron[1][60] :
+0,92742 ; +0,34156 ; +0,12567 ; +0,04610 ; +0,01688 ; +0,00627 ; +0,00230 ; +0,00084 ; +0,00031 ; +0,00239 ; +0,00087 ; +0,00032 ; +0,00012 ; +0,00003 ; +0,00001 ; +0,64605 ;  constant: +0,00000
on neuron[1][61] :
+0,92997 ; +0,34142 ; +0,12631 ; +0,04631 ; +0,01702 ; +0,00628 ; +0,00231 ; +0,00086 ; +0,00032 ; +0,00013 ; +0,00005 ; +0,00002 ; +0,00001 ; +0,00000 ; +0,00076 ; +0,47902 ;  constant: +0,00000
on neuron[1][62] :
+0,92991 ; +0,34131 ; +0,12720 ; +0,04665 ; +0,01724 ; +0,00630 ; +0,00232 ; +0,00087 ; +0,00032 ; +0,00012 ; +0,00004 ; +0,00002 ; +0,00001 ; +0,00000 ; +0,07340 ; +0,10881 ;  constant: +0,00000
on neuron[1][63] :
+0,92966 ; +0,34243 ; +0,12597 ; +0,04640 ; +0,01720 ; +0,00628 ; +0,00231 ; +0,00085 ; +0,00031 ; +0,00012 ; +0,00004 ; +0,00002 ; +0,00001 ; +0,00000 ; +0,42619 ; +0,15821 ;  constant: +0,00000
on neuron[1][64] :
+0,92953 ; +0,34312 ; +0,12493 ; +0,04616 ; +0,01713 ; +0,00626 ; +0,00231 ; +0,00085 ; +0,00031 ; +0,00012 ; +0,00004 ; +0,00002 ; +0,00001 ; +0,00000 ; +0,66262 ; +0,24401 ;  constant: +0,00000
on neuron[1][65] :
+0,92934 ; +0,34357 ; +0,12497 ; +0,04623 ; +0,01716 ; +0,00627 ; +0,00231 ; +0,00085 ; +0,00031 ; +0,00012 ; +0,00004 ; +0,00002 ; +0,00001 ; +0,00000 ; +0,66867 ; +0,24599 ;  constant: +0,00000
on neuron[1][66] :
+0,00631 ; +0,00233 ; +0,00086 ; +0,00031 ; +0,00012 ; +0,00004 ; +0,00002 ; +0,00001 ; +0,00000 ; +0,00000 ; +0,00229 ; +0,93749 ; +0,34332 ; +0,09545 ; +0,03536 ; +0,01290 ;  constant: +0,00000
on neuron[1][67] :
+0,00630 ; +0,00232 ; +0,00086 ; +0,00032 ; +0,00012 ; +0,00004 ; +0,00002 ; +0,00001 ; +0,00000 ; +0,00194 ; +0,00313 ; +0,93584 ; +0,34227 ; +0,09437 ; +0,03501 ; +0,01276 ;  constant: +0,00000
on neuron[1][68] :
+0,00352 ; +0,00130 ; +0,00048 ; +0,00142 ; +0,00052 ; +0,00019 ; +0,00007 ; +0,00003 ; +0,00001 ; +0,47298 ; +0,17361 ; +0,52348 ; +0,19138 ; +0,05232 ; +0,01941 ; +0,00708 ;  constant: +0,00000
on neuron[1][69] :
+0,00085 ; +0,00031 ; +0,00012 ; +0,00204 ; +0,00075 ; +0,00028 ; +0,00010 ; +0,00004 ; +0,00001 ; +0,92729 ; +0,33792 ; +0,12621 ; +0,04639 ; +0,01257 ; +0,00464 ; +0,00170 ;  constant: +0,00000
on neuron[1][70] :
+0,00090 ; +0,00033 ; +0,00012 ; +0,00198 ; +0,00073 ; +0,00027 ; +0,00010 ; +0,00004 ; +0,00001 ; +0,92911 ; +0,33874 ; +0,12446 ; +0,04578 ; +0,01238 ; +0,00458 ; +0,00172 ;  constant: +0,00000
on neuron[1][71] :
+0,00866 ; +0,00318 ; +0,00117 ; +0,00241 ; +0,00089 ; +0,00033 ; +0,00012 ; +0,00004 ; +0,00002 ; +0,92134 ; +0,33574 ; +0,12354 ; +0,04541 ; +0,01230 ; +0,00454 ; +0,00682 ;  constant: +0,00000
on neuron[1][72] :
+0,51179 ; +0,18634 ; +0,06905 ; +0,02647 ; +0,00973 ; +0,00359 ; +0,00132 ; +0,00048 ; +0,00018 ; +0,41869 ; +0,15240 ; +0,05620 ; +0,02064 ; +0,00559 ; +0,00206 ; +0,24085 ;  constant: +0,00000
on neuron[1][73] :
+0,92867 ; +0,33492 ; +0,12473 ; +0,04603 ; +0,01693 ; +0,00622 ; +0,00229 ; +0,00084 ; +0,00031 ; +0,00353 ; +0,00128 ; +0,00047 ; +0,00017 ; +0,00005 ; +0,00003 ; +0,20447 ;  constant: +0,00000
on neuron[1][74] :
+0,93192 ; +0,33638 ; +0,12581 ; +0,04635 ; +0,01708 ; +0,00626 ; +0,00230 ; +0,00085 ; +0,00031 ; +0,00012 ; +0,00004 ; +0,00002 ; +0,00001 ; +0,00000 ; +0,00005 ; +0,03926 ;  constant: +0,00000
on neuron[1][75] :
+0,93063 ; +0,33946 ; +0,12702 ; +0,04654 ; +0,01722 ; +0,00628 ; +0,00231 ; +0,00086 ; +0,00031 ; +0,00011 ; +0,00004 ; +0,00002 ; +0,00001 ; +0,00000 ; +0,00167 ; +0,00398 ;  constant: +0,00000
on neuron[1][76] :
+0,92958 ; +0,34151 ; +0,12718 ; +0,04668 ; +0,01727 ; +0,00630 ; +0,00232 ; +0,00086 ; +0,00031 ; +0,00012 ; +0,00004 ; +0,00002 ; +0,00001 ; +0,00000 ; +0,14212 ; +0,05254 ;  constant: +0,00000
on neuron[1][77] :
+0,92658 ; +0,34458 ; +0,12570 ; +0,04643 ; +0,01722 ; +0,00629 ; +0,00232 ; +0,00085 ; +0,00031 ; +0,00012 ; +0,00004 ; +0,00002 ; +0,00001 ; +0,00000 ; +0,62477 ; +0,23011 ;  constant: +0,00000
on neuron[1][78] :
+0,92660 ; +0,34488 ; +0,12555 ; +0,04641 ; +0,01722 ; +0,00630 ; +0,00232 ; +0,00085 ; +0,00031 ; +0,00012 ; +0,00004 ; +0,00002 ; +0,00001 ; +0,00000 ; +0,66784 ; +0,24600 ;  constant: +0,00000
on neuron[1][79] :
+0,00404 ; +0,00148 ; +0,00055 ; +0,00020 ; +0,00007 ; +0,00003 ; +0,00001 ; +0,00000 ; +0,00000 ; +0,00000 ; +0,52861 ; +0,59988 ; +0,21988 ; +0,05986 ; +0,02221 ; +0,00810 ;  constant: +0,00000
on neuron[1][80] :
+0,00402 ; +0,00147 ; +0,00055 ; +0,00126 ; +0,00046 ; +0,00017 ; +0,00006 ; +0,00002 ; +0,00001 ; +0,00098 ; +0,53136 ; +0,59638 ; +0,21858 ; +0,05939 ; +0,02203 ; +0,00804 ;  constant: +0,00000
on neuron[1][81] :
+0,00225 ; +0,00083 ; +0,00031 ; +0,24148 ; +0,08903 ; +0,03297 ; +0,01206 ; +0,00445 ; +0,00164 ; +0,21873 ; +0,34493 ; +0,33432 ; +0,12264 ; +0,03326 ; +0,01233 ; +0,00451 ;  constant: +0,00000
on neuron[1][82] :
+0,00041 ; +0,00015 ; +0,00006 ; +0,48265 ; +0,17790 ; +0,06590 ; +0,02409 ; +0,00890 ; +0,00328 ; +0,44651 ; +0,16389 ; +0,06146 ; +0,02257 ; +0,00611 ; +0,00226 ; +0,00083 ;  constant: +0,00000
on neuron[1][83] :
+0,00043 ; +0,00016 ; +0,00006 ; +0,48073 ; +0,17711 ; +0,06566 ; +0,02400 ; +0,00887 ; +0,00327 ; +0,45079 ; +0,16417 ; +0,06050 ; +0,02223 ; +0,00602 ; +0,00222 ; +0,00082 ;  constant: +0,00000
on neuron[1][84] :
+0,01038 ; +0,00373 ; +0,00139 ; +0,47917 ; +0,17662 ; +0,06543 ; +0,02392 ; +0,00884 ; +0,00326 ; +0,44290 ; +0,16121 ; +0,05945 ; +0,02183 ; +0,00591 ; +0,00218 ; +0,00144 ;  constant: +0,00000
on neuron[1][85] :
+0,75168 ; +0,26990 ; +0,10080 ; +0,13162 ; +0,04853 ; +0,01791 ; +0,00656 ; +0,00242 ; +0,00089 ; +0,08651 ; +0,03147 ; +0,01161 ; +0,00426 ; +0,00174 ; +0,00064 ; +0,02599 ;  constant: +0,00000
on neuron[1][86] :
+0,93297 ; +0,33242 ; +0,12438 ; +0,04635 ; +0,01704 ; +0,00626 ; +0,00230 ; +0,00085 ; +0,00031 ; +0,00037 ; +0,00013 ; +0,00005 ; +0,00002 ; +0,00000 ; +0,00000 ; +0,00323 ;  constant: +0,00000
on neuron[1][87] :
+0,93331 ; +0,33297 ; +0,12473 ; +0,04618 ; +0,01697 ; +0,00624 ; +0,00229 ; +0,00084 ; +0,00031 ; +0,00011 ; +0,00004 ; +0,00002 ; +0,00001 ; +0,00000 ; +0,00000 ; +0,00059 ;  constant: +0,00000
on neuron[1][88] :
+0,93189 ; +0,33613 ; +0,12584 ; +0,04637 ; +0,01710 ; +0,00626 ; +0,00230 ; +0,00085 ; +0,00031 ; +0,00011 ; +0,00004 ; +0,00002 ; +0,00001 ; +0,00000 ; +0,00012 ; +0,00013 ;  constant: +0,00000
on neuron[1][89] :
+0,88570 ; +0,36763 ; +0,13702 ; +0,05046 ; +0,01862 ; +0,00680 ; +0,00251 ; +0,00092 ; +0,00034 ; +0,00012 ; +0,00005 ; +0,00002 ; +0,00001 ; +0,00000 ; +0,06088 ; +0,02244 ;  constant: +0,00000
on neuron[1][90] :
+0,37141 ; +0,69515 ; +0,25507 ; +0,09450 ; +0,03470 ; +0,01273 ; +0,00467 ; +0,00173 ; +0,00063 ; +0,00024 ; +0,00009 ; +0,00003 ; +0,00001 ; +0,00000 ; +0,21751 ; +0,08007 ;  constant: +0,00000
on neuron[1][91] :
+0,25481 ; +0,76895 ; +0,28206 ; +0,10454 ; +0,03836 ; +0,01408 ; +0,00516 ; +0,00192 ; +0,00070 ; +0,00026 ; +0,00009 ; +0,00003 ; +0,00001 ; +0,00000 ; +0,18291 ; +0,06740 ;  constant: +0,00000
on neuron[1][92] :
+0,00230 ; +0,00084 ; +0,00031 ; +0,00012 ; +0,00004 ; +0,00002 ; +0,00001 ; +0,00000 ; +0,00000 ; +0,00000 ; +0,92978 ; +0,34255 ; +0,12640 ; +0,03362 ; +0,01246 ; +0,00456 ;  constant: +0,00000
on neuron[1][93] :
+0,00230 ; +0,00084 ; +0,00031 ; +0,00172 ; +0,00063 ; +0,00023 ; +0,00009 ; +0,00003 ; +0,00001 ; +0,00001 ; +0,92825 ; +0,34183 ; +0,12610 ; +0,03358 ; +0,01244 ; +0,00456 ;  constant: +0,00000
on neuron[1][94] :
+0,00125 ; +0,00046 ; +0,00017 ; +0,42412 ; +0,15632 ; +0,05791 ; +0,02117 ; +0,00782 ; +0,00288 ; +0,00198 ; +0,50542 ; +0,18603 ; +0,06863 ; +0,01834 ; +0,00679 ; +0,00249 ;  constant: +0,00000
on neuron[1][95] :
+0,00001 ; +0,00000 ; +0,00000 ; +0,92552 ; +0,34074 ; +0,12650 ; +0,04620 ; +0,01708 ; +0,00630 ; +0,00412 ; +0,00375 ; +0,00138 ; +0,00051 ; +0,00014 ; +0,00005 ; +0,00002 ;  constant: +0,00000
on neuron[1][96] :
+0,00001 ; +0,00000 ; +0,00000 ; +0,92792 ; +0,34120 ; +0,12688 ; +0,04631 ; +0,01713 ; +0,00632 ; +0,00409 ; +0,00150 ; +0,00055 ; +0,00020 ; +0,00005 ; +0,00002 ; +0,00001 ;  constant: +0,00000
on neuron[1][97] :
+0,00066 ; +0,00024 ; +0,00009 ; +0,92714 ; +0,34134 ; +0,12672 ; +0,04628 ; +0,01711 ; +0,00631 ; +0,00413 ; +0,00151 ; +0,00055 ; +0,00020 ; +0,00005 ; +0,00002 ; +0,00001 ;  constant: +0,00000
on neuron[1][98] :
+0,27111 ; +0,09739 ; +0,03635 ; +0,67115 ; +0,24741 ; +0,09162 ; +0,03350 ; +0,01238 ; +0,00456 ; +0,00320 ; +0,00117 ; +0,00043 ; +0,00016 ; +0,00300 ; +0,00111 ; +0,00074 ;  constant: +0,00000
on neuron[1][99] :
+0,92739 ; +0,33223 ; +0,12397 ; +0,05133 ; +0,01890 ; +0,00694 ; +0,00255 ; +0,00094 ; +0,00034 ; +0,00014 ; +0,00005 ; +0,00002 ; +0,00001 ; +0,00001 ; +0,00000 ; +0,00003 ;  constant: +0,00000
on neuron[1][100] :
+0,93296 ; +0,33389 ; +0,12470 ; +0,04616 ; +0,01697 ; +0,00624 ; +0,00229 ; +0,00084 ; +0,00031 ; +0,00011 ; +0,00004 ; +0,00002 ; +0,00001 ; +0,00000 ; +0,00000 ; +0,00001 ;  constant: +0,00000
on neuron[1][101] :
+0,92725 ; +0,33825 ; +0,12625 ; +0,04668 ; +0,01719 ; +0,00630 ; +0,00232 ; +0,00085 ; +0,00031 ; +0,00012 ; +0,00004 ; +0,00002 ; +0,00001 ; +0,00000 ; +0,00003 ; +0,00001 ;  constant: +0,00000
on neuron[1][102] :
+0,30535 ; +0,73550 ; +0,27072 ; +0,10032 ; +0,03679 ; +0,01350 ; +0,00495 ; +0,00184 ; +0,00067 ; +0,00025 ; +0,00009 ; +0,00003 ; +0,00001 ; +0,00028 ; +0,00523 ; +0,00193 ;  constant: +0,00000
on neuron[1][103] :
+0,00392 ; +0,92732 ; +0,34090 ; +0,12632 ; +0,04629 ; +0,01700 ; +0,00622 ; +0,00232 ; +0,00084 ; +0,00031 ; +0,00011 ; +0,00004 ; +0,00002 ; +0,00000 ; +0,00089 ; +0,00033 ;  constant: +0,00000
on neuron[1][104] :
+0,00160 ; +0,92875 ; +0,34154 ; +0,12658 ; +0,04639 ; +0,01701 ; +0,00624 ; +0,00233 ; +0,00084 ; +0,00031 ; +0,00011 ; +0,00004 ; +0,00002 ; +0,00000 ; +0,00114 ; +0,00042 ;  constant: +0,00000
on neuron[1][105] :
+0,00229 ; +0,00083 ; +0,00031 ; +0,00012 ; +0,00004 ; +0,00002 ; +0,00001 ; +0,00000 ; +0,00000 ; +0,00000 ; +0,93110 ; +0,34205 ; +0,12616 ; +0,03357 ; +0,01244 ; +0,00455 ;  constant: +0,00000
on neuron[1][106] :
+0,00229 ; +0,00083 ; +0,00031 ; +0,00170 ; +0,00062 ; +0,00024 ; +0,00009 ; +0,00003 ; +0,00001 ; +0,00000 ; +0,92971 ; +0,34099 ; +0,12583 ; +0,03346 ; +0,01240 ; +0,00454 ;  constant: +0,00000
on neuron[1][107] :
+0,00125 ; +0,00046 ; +0,00017 ; +0,42309 ; +0,15587 ; +0,05779 ; +0,02112 ; +0,00781 ; +0,00288 ; +0,00106 ; +0,50789 ; +0,18614 ; +0,06866 ; +0,01833 ; +0,00679 ; +0,00249 ;  constant: +0,00000
on neuron[1][108] :
+0,00001 ; +0,00000 ; +0,00000 ; +0,92753 ; +0,34106 ; +0,12683 ; +0,04629 ; +0,01713 ; +0,00632 ; +0,00232 ; +0,00302 ; +0,00111 ; +0,00041 ; +0,00011 ; +0,00004 ; +0,00001 ;  constant: +0,00000
on neuron[1][109] :
+0,00000 ; +0,00000 ; +0,00000 ; +0,92992 ; +0,34124 ; +0,12707 ; +0,04638 ; +0,01717 ; +0,00634 ; +0,00232 ; +0,00086 ; +0,00032 ; +0,00012 ; +0,00003 ; +0,00001 ; +0,00000 ;  constant: +0,00000
on neuron[1][110] :
+0,00028 ; +0,00010 ; +0,00004 ; +0,92943 ; +0,34177 ; +0,12709 ; +0,04638 ; +0,01716 ; +0,00633 ; +0,00232 ; +0,00085 ; +0,00031 ; +0,00012 ; +0,00003 ; +0,00001 ; +0,00000 ;  constant: +0,00000
on neuron[1][111] :
+0,08672 ; +0,03251 ; +0,01189 ; +0,84692 ; +0,31214 ; +0,11565 ; +0,04228 ; +0,01563 ; +0,00576 ; +0,00212 ; +0,00077 ; +0,00029 ; +0,00011 ; +0,00108 ; +0,00040 ; +0,00015 ;  constant: +0,00000
on neuron[1][112] :
+0,90303 ; +0,33757 ; +0,12365 ; +0,07017 ; +0,02585 ; +0,00955 ; +0,00350 ; +0,00129 ; +0,00047 ; +0,00017 ; +0,00006 ; +0,00002 ; +0,00001 ; +0,03242 ; +0,01202 ; +0,00443 ;  constant: +0,00000
on neuron[1][113] :
+0,92719 ; +0,34839 ; +0,12738 ; +0,04659 ; +0,01716 ; +0,00634 ; +0,00232 ; +0,00085 ; +0,00031 ; +0,00012 ; +0,00004 ; +0,00002 ; +0,00001 ; +0,00162 ; +0,00060 ; +0,00022 ;  constant: +0,00000
on neuron[1][114] :
+0,90054 ; +0,36398 ; +0,13338 ; +0,04889 ; +0,01800 ; +0,00664 ; +0,00243 ; +0,00089 ; +0,00033 ; +0,00012 ; +0,00004 ; +0,00002 ; +0,00001 ; +0,02922 ; +0,01083 ; +0,00398 ;  constant: +0,00000
on neuron[1][115] :
+0,08311 ; +0,87778 ; +0,32226 ; +0,11943 ; +0,04376 ; +0,01608 ; +0,00588 ; +0,00219 ; +0,00080 ; +0,00030 ; +0,00011 ; +0,00004 ; +0,00001 ; +0,00022 ; +0,00011 ; +0,00004 ;  constant: +0,00000
on neuron[1][116] :
+0,00030 ; +0,92956 ; +0,34185 ; +0,12669 ; +0,04643 ; +0,01703 ; +0,00625 ; +0,00233 ; +0,00085 ; +0,00031 ; +0,00011 ; +0,00004 ; +0,00002 ; +0,00000 ; +0,00000 ; +0,00000 ;  constant: +0,00000
on neuron[1][117] :
+0,00000 ; +0,92992 ; +0,34147 ; +0,12667 ; +0,04642 ; +0,01700 ; +0,00624 ; +0,00233 ; +0,00085 ; +0,00031 ; +0,00011 ; +0,00004 ; +0,00002 ; +0,00000 ; +0,00000 ; +0,00000 ;  constant: +0,00000
on neuron[1][118] :
+0,00229 ; +0,00083 ; +0,00031 ; +0,00012 ; +0,00004 ; +0,00231 ; +0,00085 ; +0,00031 ; +0,00011 ; +0,00004 ; +0,92902 ; +0,34074 ; +0,12574 ; +0,03343 ; +0,01239 ; +0,00454 ;  constant: +0,00000
on neuron[1][119] :
+0,00229 ; +0,00083 ; +0,00031 ; +0,00171 ; +0,00063 ; +0,00257 ; +0,00094 ; +0,00035 ; +0,00013 ; +0,00005 ; +0,92743 ; +0,34002 ; +0,12544 ; +0,03339 ; +0,01238 ; +0,00453 ;  constant: +0,00000
on neuron[1][120] :
+0,00125 ; +0,00045 ; +0,00017 ; +0,42392 ; +0,15706 ; +0,05959 ; +0,02179 ; +0,00805 ; +0,00297 ; +0,00109 ; +0,50487 ; +0,18493 ; +0,06823 ; +0,01823 ; +0,00675 ; +0,00247 ;  constant: +0,00000
on neuron[1][121] :
+0,00001 ; +0,00000 ; +0,00000 ; +0,92566 ; +0,34246 ; +0,12714 ; +0,04643 ; +0,01717 ; +0,00633 ; +0,00232 ; +0,00309 ; +0,00114 ; +0,00042 ; +0,00011 ; +0,00004 ; +0,00002 ;  constant: +0,00000
on neuron[1][122] :
+0,00001 ; +0,00000 ; +0,00000 ; +0,92803 ; +0,34290 ; +0,12751 ; +0,04654 ; +0,01722 ; +0,00635 ; +0,00233 ; +0,00086 ; +0,00032 ; +0,00012 ; +0,00003 ; +0,00001 ; +0,00000 ;  constant: +0,00000
on neuron[1][123] :
+0,00138 ; +0,00052 ; +0,00019 ; +0,92659 ; +0,34281 ; +0,12726 ; +0,04648 ; +0,01718 ; +0,00633 ; +0,00233 ; +0,00085 ; +0,00031 ; +0,00012 ; +0,00016 ; +0,00006 ; +0,00002 ;  constant: +0,00000
on neuron[1][124] :
+0,32355 ; +0,12186 ; +0,04449 ; +0,62008 ; +0,22979 ; +0,08511 ; +0,03112 ; +0,01150 ; +0,00424 ; +0,00156 ; +0,00057 ; +0,00021 ; +0,00008 ; +0,02745 ; +0,01015 ; +0,00374 ;  constant: +0,00000
on neuron[1][125] :
+0,92322 ; +0,34924 ; +0,12729 ; +0,04968 ; +0,01831 ; +0,00677 ; +0,00248 ; +0,00091 ; +0,00033 ; +0,00012 ; +0,00005 ; +0,00002 ; +0,00001 ; +0,00568 ; +0,00210 ; +0,00077 ;  constant: +0,00000
on neuron[1][126] :
+0,92643 ; +0,35041 ; +0,12798 ; +0,04658 ; +0,01718 ; +0,00636 ; +0,00233 ; +0,00085 ; +0,00031 ; +0,00012 ; +0,00004 ; +0,00002 ; +0,00001 ; +0,00147 ; +0,00054 ; +0,00020 ;  constant: +0,00000
on neuron[1][127] :
+0,92294 ; +0,35268 ; +0,12856 ; +0,04692 ; +0,01728 ; +0,00639 ; +0,00234 ; +0,00086 ; +0,00032 ; +0,00012 ; +0,00004 ; +0,00002 ; +0,00001 ; +0,00088 ; +0,00032 ; +0,00012 ;  constant: +0,00000
on neuron[1][128] :
+0,28260 ; +0,75014 ; +0,27807 ; +0,10289 ; +0,03772 ; +0,01387 ; +0,00508 ; +0,00189 ; +0,00069 ; +0,00026 ; +0,00009 ; +0,00003 ; +0,00001 ; +0,00510 ; +0,00189 ; +0,00069 ;  constant: +0,00000
on neuron[1][129] :
+0,00117 ; +0,92638 ; +0,34325 ; +0,12718 ; +0,04661 ; +0,01711 ; +0,00627 ; +0,00233 ; +0,00085 ; +0,00032 ; +0,00012 ; +0,00004 ; +0,00002 ; +0,00000 ; +0,00000 ; +0,00000 ;  constant: +0,00000
on neuron[1][130] :
+0,00000 ; +0,92706 ; +0,34361 ; +0,12734 ; +0,04667 ; +0,01712 ; +0,00628 ; +0,00234 ; +0,00085 ; +0,00032 ; +0,00012 ; +0,00004 ; +0,00002 ; +0,00000 ; +0,00000 ; +0,00000 ;  constant: +0,00000
on neuron[1][131] :
+0,00105 ; +0,00038 ; +0,00014 ; +0,00005 ; +0,00002 ; +0,50927 ; +0,18732 ; +0,06913 ; +0,02527 ; +0,00934 ; +0,42468 ; +0,15567 ; +0,05742 ; +0,01532 ; +0,00568 ; +0,00208 ;  constant: +0,00000
on neuron[1][132] :
+0,00105 ; +0,00038 ; +0,00014 ; +0,00086 ; +0,00099 ; +0,50661 ; +0,18627 ; +0,06874 ; +0,02513 ; +0,00929 ; +0,42625 ; +0,15616 ; +0,05761 ; +0,01539 ; +0,00570 ; +0,00209 ;  constant: +0,00000
on neuron[1][133] :
+0,00061 ; +0,00022 ; +0,00008 ; +0,22183 ; +0,25258 ; +0,38587 ; +0,14170 ; +0,05227 ; +0,01915 ; +0,00707 ; +0,24752 ; +0,09072 ; +0,03348 ; +0,00895 ; +0,00332 ; +0,00121 ;  constant: +0,00000
on neuron[1][134] :
+0,00002 ; +0,00001 ; +0,00000 ; +0,50892 ; +0,60497 ; +0,22509 ; +0,08269 ; +0,03049 ; +0,01119 ; +0,00412 ; +0,00296 ; +0,00109 ; +0,00040 ; +0,00011 ; +0,00004 ; +0,00002 ;  constant: +0,00000
on neuron[1][135] :
+0,00052 ; +0,00019 ; +0,00007 ; +0,50191 ; +0,61203 ; +0,22598 ; +0,08306 ; +0,03062 ; +0,01124 ; +0,00413 ; +0,00151 ; +0,00056 ; +0,00021 ; +0,00043 ; +0,00016 ; +0,00006 ;  constant: +0,00000
on neuron[1][136] :
+0,06177 ; +0,02275 ; +0,00838 ; +0,47904 ; +0,56833 ; +0,20983 ; +0,07709 ; +0,02842 ; +0,01044 ; +0,00384 ; +0,00140 ; +0,00052 ; +0,00019 ; +0,04121 ; +0,01520 ; +0,00559 ;  constant: +0,00000
on neuron[1][137] :
+0,83317 ; +0,30875 ; +0,11350 ; +0,09412 ; +0,07790 ; +0,02873 ; +0,01055 ; +0,00389 ; +0,00143 ; +0,00053 ; +0,00019 ; +0,00007 ; +0,00003 ; +0,40991 ; +0,15120 ; +0,05555 ;  constant: +0,00000
on neuron[1][138] :
+0,92730 ; +0,34656 ; +0,12691 ; +0,04672 ; +0,01750 ; +0,00645 ; +0,00236 ; +0,00087 ; +0,00032 ; +0,00012 ; +0,00004 ; +0,00002 ; +0,00001 ; +0,27165 ; +0,10021 ; +0,03683 ;  constant: +0,00000
on neuron[1][139] :
+0,92708 ; +0,34884 ; +0,12748 ; +0,04651 ; +0,01714 ; +0,00633 ; +0,00232 ; +0,00085 ; +0,00031 ; +0,00012 ; +0,00004 ; +0,00002 ; +0,00001 ; +0,12370 ; +0,04561 ; +0,01680 ;  constant: +0,00000
on neuron[1][140] :
+0,92445 ; +0,34854 ; +0,12933 ; +0,04725 ; +0,01740 ; +0,00643 ; +0,00236 ; +0,00086 ; +0,00032 ; +0,00012 ; +0,00004 ; +0,00002 ; +0,00001 ; +0,05930 ; +0,02187 ; +0,00806 ;  constant: +0,00000
on neuron[1][141] :
+0,60077 ; +0,34617 ; +0,33408 ; +0,12233 ; +0,04512 ; +0,01661 ; +0,00609 ; +0,00223 ; +0,00082 ; +0,00030 ; +0,00011 ; +0,00004 ; +0,00002 ; +0,02757 ; +0,01018 ; +0,00374 ;  constant: +0,00000
on neuron[1][142] :
+0,00427 ; +0,39311 ; +0,67867 ; +0,24930 ; +0,09194 ; +0,03379 ; +0,01237 ; +0,00455 ; +0,00167 ; +0,00062 ; +0,00023 ; +0,00008 ; +0,00003 ; +0,00013 ; +0,00005 ; +0,00002 ;  constant: +0,00000
on neuron[1][143] :
+0,00001 ; +0,39909 ; +0,67749 ; +0,24918 ; +0,09187 ; +0,03374 ; +0,01236 ; +0,00455 ; +0,00167 ; +0,00062 ; +0,00023 ; +0,00008 ; +0,00003 ; +0,00001 ; +0,00000 ; +0,00000 ;  constant: +0,00000
on neuron[1][144] :
+0,00002 ; +0,00001 ; +0,00000 ; +0,00000 ; +0,00000 ; +0,92841 ; +0,34119 ; +0,12576 ; +0,04612 ; +0,01702 ; +0,00776 ; +0,00285 ; +0,00105 ; +0,00028 ; +0,00010 ; +0,00004 ;  constant: +0,00000
on neuron[1][145] :
+0,00002 ; +0,00001 ; +0,00000 ; +0,00000 ; +0,00114 ; +0,92762 ; +0,34110 ; +0,12580 ; +0,04605 ; +0,01701 ; +0,00774 ; +0,00285 ; +0,00105 ; +0,00028 ; +0,00010 ; +0,00004 ;  constant: +0,00000
on neuron[1][146] :
+0,00001 ; +0,00001 ; +0,00000 ; +0,00097 ; +0,34151 ; +0,71238 ; +0,26197 ; +0,09664 ; +0,03535 ; +0,01306 ; +0,00592 ; +0,00218 ; +0,00080 ; +0,00021 ; +0,00008 ; +0,00003 ;  constant: +0,00000
on neuron[1][147] :
+0,00001 ; +0,00001 ; +0,00000 ; +0,00217 ; +0,92502 ; +0,34404 ; +0,12689 ; +0,04672 ; +0,01711 ; +0,00630 ; +0,00230 ; +0,00086 ; +0,00031 ; +0,00009 ; +0,00003 ; +0,00001 ;  constant: +0,00000
on neuron[1][148] :
+0,00091 ; +0,00034 ; +0,00012 ; +0,00213 ; +0,92735 ; +0,34163 ; +0,12624 ; +0,04645 ; +0,01700 ; +0,00626 ; +0,00228 ; +0,00085 ; +0,00031 ; +0,00076 ; +0,00028 ; +0,00010 ;  constant: +0,00000
on neuron[1][149] :
+0,08914 ; +0,03277 ; +0,01208 ; +0,00638 ; +0,84085 ; +0,30985 ; +0,11430 ; +0,04209 ; +0,01541 ; +0,00567 ; +0,00207 ; +0,00077 ; +0,00028 ; +0,06617 ; +0,02440 ; +0,00896 ;  constant: +0,00000
on neuron[1][150] :
+0,85363 ; +0,31381 ; +0,11572 ; +0,04255 ; +0,09173 ; +0,03376 ; +0,01245 ; +0,00459 ; +0,00168 ; +0,00062 ; +0,00023 ; +0,00008 ; +0,00003 ; +0,63066 ; +0,23256 ; +0,08544 ;  constant: +0,00000
on neuron[1][151] :
+0,92916 ; +0,34152 ; +0,12606 ; +0,04611 ; +0,01769 ; +0,00649 ; +0,00238 ; +0,00088 ; +0,00033 ; +0,00012 ; +0,00004 ; +0,00002 ; +0,00001 ; +0,67835 ; +0,24971 ; +0,09189 ;  constant: +0,00000
on neuron[1][152] :
+0,92970 ; +0,34217 ; +0,12641 ; +0,04616 ; +0,01702 ; +0,00624 ; +0,00229 ; +0,00085 ; +0,00031 ; +0,00012 ; +0,00004 ; +0,00002 ; +0,00001 ; +0,65496 ; +0,24122 ; +0,08896 ;  constant: +0,00000
on neuron[1][153] :
+0,91432 ; +0,33758 ; +0,13955 ; +0,05089 ; +0,01879 ; +0,00691 ; +0,00253 ; +0,00093 ; +0,00034 ; +0,00013 ; +0,00005 ; +0,00002 ; +0,00001 ; +0,53350 ; +0,19677 ; +0,07257 ;  constant: +0,00000
on neuron[1][154] :
+0,16345 ; +0,06179 ; +0,78868 ; +0,28753 ; +0,10639 ; +0,03916 ; +0,01434 ; +0,00526 ; +0,00193 ; +0,00071 ; +0,00026 ; +0,00010 ; +0,00004 ; +0,06535 ; +0,02410 ; +0,00888 ;  constant: +0,00000
on neuron[1][155] :
+0,00036 ; +0,00144 ; +0,92899 ; +0,34076 ; +0,12588 ; +0,04620 ; +0,01696 ; +0,00622 ; +0,00229 ; +0,00084 ; +0,00031 ; +0,00011 ; +0,00004 ; +0,00024 ; +0,00009 ; +0,00003 ;  constant: +0,00000
on neuron[1][156] :
+0,00000 ; +0,00125 ; +0,92946 ; +0,34059 ; +0,12582 ; +0,04615 ; +0,01698 ; +0,00622 ; +0,00229 ; +0,00084 ; +0,00031 ; +0,00011 ; +0,00004 ; +0,00001 ; +0,00000 ; +0,00000 ;  constant: +0,00000
on neuron[1][157] :
+0,00002 ; +0,00001 ; +0,00000 ; +0,00000 ; +0,00000 ; +0,92998 ; +0,34156 ; +0,12599 ; +0,04633 ; +0,01707 ; +0,00627 ; +0,00230 ; +0,00085 ; +0,00023 ; +0,00008 ; +0,00003 ;  constant: +0,00000
on neuron[1][158] :
+0,00002 ; +0,00001 ; +0,00000 ; +0,00000 ; +0,00117 ; +0,92919 ; +0,34148 ; +0,12586 ; +0,04616 ; +0,01703 ; +0,00625 ; +0,00230 ; +0,00085 ; +0,00023 ; +0,00008 ; +0,00003 ;  constant: +0,00000
on neuron[1][159] :
+0,00001 ; +0,00000 ; +0,00000 ; +0,00000 ; +0,34663 ; +0,71084 ; +0,26154 ; +0,09649 ; +0,03529 ; +0,01303 ; +0,00477 ; +0,00176 ; +0,00065 ; +0,00017 ; +0,00006 ; +0,00002 ;  constant: +0,00000
on neuron[1][160] :
+0,00001 ; +0,00001 ; +0,00000 ; +0,00000 ; +0,92654 ; +0,34434 ; +0,12724 ; +0,04682 ; +0,01713 ; +0,00631 ; +0,00230 ; +0,00086 ; +0,00031 ; +0,00009 ; +0,00003 ; +0,00001 ;  constant: +0,00000
on neuron[1][161] :
+0,00076 ; +0,00028 ; +0,00010 ; +0,00004 ; +0,92882 ; +0,34204 ; +0,12673 ; +0,04660 ; +0,01702 ; +0,00628 ; +0,00229 ; +0,00085 ; +0,00031 ; +0,00064 ; +0,00024 ; +0,00009 ;  constant: +0,00000
on neuron[1][162] :
+0,08615 ; +0,03166 ; +0,01167 ; +0,00428 ; +0,84503 ; +0,31126 ; +0,11506 ; +0,04233 ; +0,01549 ; +0,00571 ; +0,00208 ; +0,00077 ; +0,00028 ; +0,06399 ; +0,02357 ; +0,00866 ;  constant: +0,00000
on neuron[1][163] :
+0,85138 ; +0,31275 ; +0,11538 ; +0,04224 ; +0,09409 ; +0,03462 ; +0,01279 ; +0,00471 ; +0,00172 ; +0,00064 ; +0,00023 ; +0,00009 ; +0,00003 ; +0,63064 ; +0,23224 ; +0,08536 ;  constant: +0,00000
on neuron[1][164] :
+0,92914 ; +0,34121 ; +0,12611 ; +0,04605 ; +0,01777 ; +0,00653 ; +0,00239 ; +0,00089 ; +0,00033 ; +0,00012 ; +0,00004 ; +0,00002 ; +0,00001 ; +0,68374 ; +0,25109 ; +0,09254 ;  constant: +0,00000
on neuron[1][165] :
+0,92978 ; +0,34196 ; +0,12650 ; +0,04612 ; +0,01701 ; +0,00623 ; +0,00229 ; +0,00085 ; +0,00031 ; +0,00012 ; +0,00004 ; +0,00002 ; +0,00001 ; +0,68032 ; +0,24991 ; +0,09239 ;  constant: +0,00000
on neuron[1][166] :
+0,91790 ; +0,33731 ; +0,13677 ; +0,04988 ; +0,01842 ; +0,00676 ; +0,00248 ; +0,00092 ; +0,00034 ; +0,00012 ; +0,00005 ; +0,00002 ; +0,00001 ; +0,66588 ; +0,24552 ; +0,09071 ;  constant: +0,00000
on neuron[1][167] :
+0,13133 ; +0,04828 ; +0,81719 ; +0,29804 ; +0,11026 ; +0,04057 ; +0,01486 ; +0,00545 ; +0,00200 ; +0,00074 ; +0,00027 ; +0,00010 ; +0,00004 ; +0,09521 ; +0,03511 ; +0,01295 ;  constant: +0,00000
on neuron[1][168] :
+0,00033 ; +0,00012 ; +0,92996 ; +0,34077 ; +0,12589 ; +0,04618 ; +0,01699 ; +0,00622 ; +0,00229 ; +0,00084 ; +0,00031 ; +0,00011 ; +0,00004 ; +0,00025 ; +0,00009 ; +0,00003 ;  constant: +0,00000
on neuron[1][169] :
+0,00000 ; +0,00000 ; +0,93072 ; +0,33978 ; +0,12550 ; +0,04608 ; +0,01698 ; +0,00621 ; +0,00229 ; +0,00084 ; +0,00031 ; +0,00011 ; +0,00004 ; +0,00001 ; +0,00000 ; +0,00000 ;  constant: +0,00000
