on layer[1] :
on neuron[1][1] :
-0,11863 ; -0,14660 ; -1,24087 ; -1,65927 ; -1,22269 ; -0,96131 ; -1,51481 ; -0,96505 ; +0,72904 ; +0,95009 ; -1,68231 ; -0,79859 ; -0,39250 ; +0,64992 ; +1,05817 ; +1,45383 ;  constant: -0,90439
on neuron[1][2] :
-0,36001 ; -0,18661 ; +2,23629 ; -0,48988 ; +1,18394 ; +0,69539 ; -1,49790 ; +1,45610 ; -0,36964 ; +0,03633 ; -0,34108 ; -0,36112 ; +0,59021 ; -1,28636 ; -0,18496 ; -0,03495 ;  constant: +1,00462
on neuron[1][3] :
-0,51298 ; +0,12955 ; +0,22799 ; -0,09725 ; -1,55186 ; +0,89241 ; +1,20589 ; +0,14620 ; +0,14821 ; -0,28110 ; +1,66790 ; +0,25821 ; -0,98119 ; +0,62772 ; -1,67238 ; +0,24831 ;  constant: -0,51971
on neuron[1][4] :
+1,24919 ; -2,12329 ; -0,88757 ; +1,23893 ; -1,26166 ; +0,96809 ; -1,12730 ; +0,41480 ; -0,73454 ; -0,32341 ; +0,40426 ; +0,56610 ; -1,08490 ; -0,05460 ; +0,67061 ; +1,66050 ;  constant: -0,44535
on neuron[1][5] :
+0,70506 ; -0,03127 ; +1,23562 ; -0,68095 ; -1,35425 ; +0,54304 ; -0,14883 ; +1,03091 ; -0,41501 ; -1,66395 ; +0,48166 ; +0,60257 ; -0,01932 ; -1,61427 ; -0,47253 ; +1,28327 ;  constant: -1,89799
on neuron[1][6] :
+0,73805 ; +0,14985 ; -0,17528 ; -0,32216 ; +0,51052 ; -0,63879 ; -2,31512 ; +0,82427 ; -1,82421 ; -1,81854 ; +0,67404 ; -0,86782 ; -0,05943 ; -1,27365 ; -1,15255 ; +0,13607 ;  constant: -0,95531
on neuron[1][7] :
-0,47844 ; -0,62999 ; -0,50266 ; +0,83854 ; -1,10515 ; -0,22562 ; -0,66496 ; +1,30778 ; +1,13908 ; -0,51889 ; +1,80833 ; -0,52855 ; -0,48980 ; +0,84744 ; +0,82119 ; -0,23944 ;  constant: +0,19318
on neuron[1][8] :
+2,67952 ; -0,95730 ; -0,21292 ; -2,39088 ; -0,09568 ; -1,23322 ; -0,45902 ; +0,07185 ; -0,41968 ; +0,43374 ; -0,02038 ; +0,53664 ; +1,89876 ; +1,35712 ; +0,96051 ; +0,22356 ;  constant: +0,35632
on neuron[1][9] :
-0,89012 ; -0,35045 ; -1,29783 ; +0,99954 ; +0,44556 ; -0,56018 ; +0,42723 ; -0,53196 ; +0,72749 ; -0,52912 ; +0,94173 ; +1,83833 ; +1,21366 ; +0,45963 ; -1,14230 ; -1,36433 ;  constant: +0,58448
on neuron[1][10] :
-0,72687 ; -2,54741 ; +0,11175 ; +0,24914 ; -0,87777 ; -0,77604 ; +0,61789 ; +0,87970 ; -0,70155 ; -0,43401 ; -1,10915 ; +1,02286 ; +1,31692 ; +0,87968 ; -1,55776 ; -0,26674 ;  constant: -0,03668
on neuron[1][11] :
-0,60810 ; -1,29496 ; +0,14927 ; +0,86791 ; -1,54282 ; +1,50830 ; -1,28262 ; +0,17544 ; -0,83574 ; +0,81957 ; -0,57252 ; +1,00672 ; -1,56840 ; -0,54386 ; -0,07494 ; -0,03378 ;  constant: -1,14076
on neuron[1][12] :
-1,50101 ; -0,13658 ; +1,44974 ; +1,22259 ; +1,36074 ; -1,46581 ; -0,28400 ; +0,16498 ; -0,62476 ; +1,46798 ; -0,96544 ; -0,43687 ; +0,66344 ; -0,61712 ; -0,80414 ; +1,18160 ;  constant: +1,11613
on neuron[1][13] :
+0,66242 ; -1,94660 ; +0,34237 ; -0,28307 ; +0,47502 ; -1,29236 ; -1,13194 ; +1,23145 ; +1,25337 ; -0,42251 ; +1,08582 ; -0,64987 ; -2,70215 ; -0,09406 ; +1,04698 ; -0,09880 ;  constant: -1,10128
on neuron[1][14] :
-0,52461 ; -0,24876 ; -0,94706 ; -0,92459 ; +0,81660 ; +2,54152 ; +1,54001 ; -0,41028 ; -0,49993 ; -0,12176 ; -0,54164 ; -0,16441 ; -0,63372 ; -0,88347 ; +1,10432 ; +0,02838 ;  constant: +0,14777
on neuron[1][15] :
-0,70340 ; +0,89525 ; +0,24815 ; +0,22589 ; -0,70134 ; -1,29147 ; +0,27637 ; +1,05917 ; -0,62946 ; -0,33191 ; -1,08069 ; -1,81454 ; -2,56260 ; -0,25267 ; -1,10641 ; -0,58637 ;  constant: +0,11006
on neuron[1][16] :
+0,84289 ; -0,98039 ; -2,04605 ; -0,64619 ; +1,73165 ; +0,99850 ; -0,63647 ; +1,95498 ; +1,16374 ; -1,24201 ; -0,28736 ; +1,99578 ; +0,36074 ; -0,08011 ; +0,31940 ; +0,49094 ;  constant: +0,87693
on neuron[1][17] :
-1,02561 ; -0,09638 ; -1,25776 ; +0,77185 ; -1,31203 ; +1,75965 ; +1,01411 ; +0,05714 ; +1,12751 ; +1,58582 ; +1,40368 ; -1,06030 ; -0,56033 ; +1,15710 ; +0,66894 ; -0,60751 ;  constant: -0,75887
on neuron[1][18] :
+1,07010 ; -0,69159 ; -0,78040 ; -1,63007 ; -0,05408 ; +0,80604 ; -1,02608 ; -0,47621 ; +1,06477 ; +0,43351 ; +1,17416 ; +1,77120 ; -1,71533 ; -0,36442 ; +0,23086 ; +0,11260 ;  constant: +0,39751
on neuron[1][19] :
+0,49423 ; -1,01819 ; -0,86279 ; +0,31517 ; +0,21044 ; +0,20891 ; +0,08158 ; +0,96365 ; -0,77453 ; -0,49026 ; +0,22768 ; +0,34232 ; +1,89490 ; +1,70864 ; -1,85875 ; +1,16371 ;  constant: -0,37772
on neuron[1][20] :
+0,18170 ; +1,57430 ; -0,08441 ; -2,20291 ; -1,89168 ; -0,33536 ; +1,18670 ; +0,75576 ; -0,62039 ; +0,27318 ; -0,95461 ; -0,49545 ; -0,31169 ; +0,99122 ; -0,75437 ; +0,36940 ;  constant: -0,52191
on neuron[1][21] :
+0,42828 ; +1,59648 ; -0,98947 ; +0,17657 ; +0,57004 ; +0,15885 ; +0,36955 ; -0,59118 ; -0,22545 ; +1,63388 ; +0,68921 ; -0,38405 ; +0,12470 ; +0,05047 ; -0,25295 ; -2,98628 ;  constant: +2,11578
on neuron[1][22] :
-0,53460 ; -0,66614 ; +0,80355 ; -0,70268 ; -0,18278 ; -1,82560 ; +1,11243 ; -0,46030 ; +1,18832 ; +0,03368 ; +0,63659 ; +1,32113 ; +2,14605 ; -1,10322 ; +0,98542 ; -1,58267 ;  constant: +0,63776
on neuron[1][23] :
+0,49381 ; +0,86195 ; -0,96171 ; +1,39247 ; +1,45038 ; +0,30797 ; +0,39811 ; -0,78049 ; -0,73293 ; -0,61537 ; -0,55858 ; -1,17828 ; +0,73150 ; -0,75611 ; +0,69106 ; -0,20338 ;  constant: -1,08169
on neuron[1][24] :
+1,20923 ; -0,96923 ; +0,16011 ; -1,12160 ; +0,21632 ; +0,03049 ; +0,28851 ; +0,07222 ; -1,08378 ; +0,60634 ; -0,32533 ; +0,48346 ; -0,88309 ; +0,54894 ; -0,00614 ; -0,83436 ;  constant: +0,22954
on neuron[1][25] :
+0,89028 ; -0,71882 ; -1,31744 ; +0,04800 ; -0,62347 ; +0,56274 ; -1,29302 ; -1,13077 ; -0,81549 ; +1,26903 ; +0,36251 ; -2,71817 ; +2,17397 ; +0,36679 ; -0,49999 ; -1,28512 ;  constant: -0,00714
on neuron[1][26] :
+0,58743 ; -1,15693 ; +0,87750 ; -1,54434 ; -2,78772 ; +0,60940 ; +0,10732 ; -0,52394 ; +0,54505 ; +1,92024 ; +0,58623 ; -0,74856 ; +0,24734 ; -1,57206 ; +1,00116 ; +1,37510 ;  constant: -1,32854
on neuron[1][27] :
+0,67578 ; -0,36029 ; -0,14098 ; -0,25718 ; -2,09430 ; -1,26021 ; +0,32893 ; +0,65604 ; +0,38629 ; -0,14448 ; +0,56548 ; -0,82736 ; +1,10605 ; +0,29370 ; -0,73314 ; -0,32420 ;  constant: -1,04721
on neuron[1][28] :
+0,25958 ; -0,94368 ; +0,26154 ; +0,96448 ; +1,31906 ; +1,19914 ; +0,44484 ; +1,65640 ; +1,08470 ; +0,06640 ; -1,43372 ; -0,74442 ; +0,27147 ; +0,31168 ; -0,13448 ; -0,01892 ;  constant: +1,39621
on neuron[1][29] :
+0,86642 ; +1,27004 ; +0,13785 ; +1,93112 ; +0,24409 ; +0,17010 ; +1,39777 ; +1,74088 ; +1,26044 ; -0,95099 ; +1,34157 ; +0,73906 ; -0,06657 ; -0,24565 ; -0,34371 ; +1,08219 ;  constant: +0,74361
on neuron[1][30] :
-0,08965 ; -0,64611 ; +1,26079 ; -0,66997 ; -1,72465 ; +0,63401 ; +0,36851 ; -1,62633 ; -0,64624 ; -0,19183 ; -0,74407 ; -0,91921 ; +2,06289 ; +0,63541 ; +2,57743 ; +0,70532 ;  constant: +0,75474
on neuron[1][31] :
+1,58783 ; -0,53877 ; +0,80201 ; +1,82064 ; +2,26494 ; +1,50246 ; -1,62335 ; -0,25520 ; -0,07600 ; +0,97642 ; +0,52801 ; -0,80713 ; +1,41863 ; +1,74081 ; -0,30560 ; -1,33297 ;  constant: +1,47828
on neuron[1][32] :
+1,20262 ; +0,09254 ; -0,60921 ; -0,25520 ; +0,07726 ; -2,30911 ; -0,56101 ; -0,32205 ; -1,04897 ; +0,44183 ; -0,78702 ; +2,48306 ; +0,42612 ; +1,17172 ; -0,78072 ; -0,16286 ;  constant: -1,97395
on layer[2] :
on neuron[2][1] :
+0,46135 ; -1,68333 ; -0,28491 ; +1,36642 ; +0,67153 ; -0,76337 ; -0,63764 ; -0,70546 ; -0,17123 ; +0,27676 ; -0,82668 ; +0,19627 ; -1,63888 ; -0,77038 ; -0,74281 ; -0,34256 ; -0,60357 ; -1,52920 ; -0,22397 ; +0,17992 ; +0,00533 ; -0,75131 ; -0,20379 ; +1,53655 ; -0,85825 ; +0,02147 ; -0,13021 ; +0,50592 ; -0,94953 ; +0,15582 ; +0,18212 ; +0,76175 ;  constant: +0,65396
on neuron[2][2] :
+0,48392 ; +1,66128 ; +1,57656 ; +0,79174 ; -0,06952 ; -1,19066 ; -1,34949 ; -0,39467 ; +0,54595 ; +2,04104 ; +0,03519 ; +1,58643 ; +0,05788 ; -0,14624 ; +0,71415 ; -0,25591 ; -0,87986 ; -1,43013 ; -1,72154 ; +1,00169 ; -0,23237 ; -0,23979 ; -0,23857 ; -0,46798 ; -0,19027 ; +0,91292 ; -0,46920 ; +1,27363 ; +0,27832 ; +1,29008 ; -1,26400 ; -1,13156 ;  constant: -1,25527
on neuron[2][3] :
-0,18355 ; -0,67891 ; +0,32466 ; +0,20866 ; +1,29076 ; -0,59865 ; +0,75583 ; -1,66085 ; -0,40572 ; -0,63712 ; +1,44073 ; -1,14682 ; -0,56538 ; +0,93678 ; +1,61938 ; -0,57216 ; -1,12888 ; +1,69255 ; -1,80938 ; +0,90009 ; +0,19525 ; +0,13822 ; +0,35699 ; +0,83740 ; +1,77077 ; -0,24911 ; -0,67892 ; +0,80126 ; -0,28624 ; -0,47982 ; -0,79627 ; +0,63798 ;  constant: +1,22679
on neuron[2][4] :
-0,24354 ; -0,07212 ; -0,88758 ; +0,29366 ; -0,93941 ; -0,92595 ; -0,73993 ; +1,24981 ; +0,01588 ; -0,75852 ; +2,05805 ; +0,78040 ; -0,45510 ; -0,83355 ; -1,00657 ; +0,88512 ; +0,37397 ; +1,63869 ; -0,12832 ; +0,03907 ; +0,29264 ; -0,04849 ; -1,03904 ; -0,13945 ; +0,26545 ; -0,43321 ; -0,28515 ; +1,94078 ; +1,64084 ; -0,40864 ; +1,49465 ; -0,36120 ;  constant: -0,48781
on neuron[2][5] :
+0,83552 ; -1,43619 ; +0,56433 ; +2,02108 ; +0,44926 ; +2,09670 ; -0,43286 ; +0,84032 ; -0,35877 ; +0,49579 ; -0,74829 ; +0,52665 ; -0,24987 ; +2,36522 ; +0,86386 ; -1,32642 ; -0,50467 ; -1,26924 ; -0,32472 ; +0,72932 ; -0,43957 ; -0,33553 ; +0,52624 ; -1,44299 ; -0,64369 ; -0,17854 ; -0,60972 ; -0,59084 ; +0,12734 ; +0,96787 ; -0,98888 ; +0,82503 ;  constant: -0,34015
on neuron[2][6] :
-0,23116 ; +0,95673 ; -0,66759 ; +1,24972 ; +1,51028 ; +0,11732 ; -0,45137 ; -0,46465 ; -0,86078 ; +0,07243 ; +0,45109 ; -2,29912 ; -0,15319 ; -1,19208 ; -0,56537 ; +0,42629 ; -0,87806 ; -0,08667 ; +0,17009 ; +0,83719 ; -0,64641 ; -0,46104 ; +0,21342 ; +0,00199 ; +0,99905 ; +1,87049 ; -1,01605 ; -0,85979 ; +0,34750 ; -0,41369 ; +1,49562 ; -1,29885 ;  constant: -1,21884
on neuron[2][7] :
-0,45353 ; -0,27097 ; -0,58921 ; -0,12167 ; +0,04772 ; -1,07860 ; -0,63721 ; -0,08595 ; -0,03961 ; -0,80023 ; -1,03028 ; -0,35545 ; -1,53996 ; -1,01629 ; +0,12959 ; -0,62288 ; -0,89138 ; -0,72203 ; +0,01030 ; -0,06154 ; +1,45567 ; +1,83166 ; -1,98735 ; +0,77746 ; +0,19116 ; -0,57915 ; +0,30877 ; +0,61044 ; -0,42956 ; -1,07606 ; +0,19890 ; +0,31136 ;  constant: -1,42407
on neuron[2][8] :
+0,34715 ; -0,91085 ; +1,70959 ; -1,76073 ; -0,26937 ; +0,61417 ; +1,08379 ; -1,20990 ; -1,01265 ; +0,33075 ; -0,63114 ; +0,24588 ; -0,16021 ; +1,41658 ; -0,40533 ; +1,21684 ; -0,13292 ; -0,62509 ; -1,35492 ; -0,30294 ; +1,77535 ; +0,22829 ; +0,91034 ; +0,01573 ; -0,73020 ; +0,16655 ; +1,84493 ; +1,54623 ; -0,36408 ; -0,65658 ; +0,87172 ; +1,60081 ;  constant: +0,36532
on neuron[2][9] :
+0,66093 ; -0,29611 ; -0,16618 ; +0,82195 ; -0,53286 ; +1,19583 ; -0,12830 ; +0,88848 ; +0,15331 ; +0,59159 ; -0,36723 ; +0,01390 ; -0,23424 ; +0,15806 ; -0,33604 ; +1,23549 ; +0,18440 ; -0,96024 ; +2,07359 ; +1,29077 ; -0,58248 ; +0,82979 ; -1,18256 ; -0,64068 ; -0,81372 ; +0,36351 ; -1,82449 ; +0,94188 ; -0,27641 ; -0,25253 ; +0,64531 ; -1,25651 ;  constant: +0,65732
on neuron[2][10] :
+2,19320 ; -0,76960 ; -1,49579 ; -0,11780 ; -0,67012 ; +0,26883 ; -0,76482 ; -0,94534 ; -0,29245 ; -1,27488 ; +0,26594 ; +0,39176 ; -0,25082 ; +1,36561 ; +1,39949 ; -0,75552 ; -0,26196 ; -0,65017 ; -0,05478 ; -0,52977 ; +1,07730 ; +0,56320 ; -0,08769 ; +0,00915 ; +0,05476 ; -0,10023 ; +0,86483 ; -0,04179 ; +0,10262 ; -0,02217 ; -0,94472 ; -0,00330 ;  constant: -0,01319
on neuron[2][11] :
-1,90113 ; -0,08954 ; -0,77253 ; -0,24122 ; +0,24913 ; -0,61799 ; +0,21088 ; -1,08864 ; +2,33654 ; +0,29992 ; +1,28192 ; -0,52551 ; +0,40014 ; -1,60061 ; +1,30352 ; -0,77128 ; -0,67765 ; +0,36734 ; +2,40228 ; +1,18166 ; -1,17901 ; +0,66627 ; +0,06118 ; +0,42326 ; -0,11596 ; -0,65565 ; -0,16837 ; +0,04147 ; +1,56941 ; -0,66305 ; +0,37981 ; -0,99746 ;  constant: -0,04186
on neuron[2][12] :
-0,81274 ; -0,76133 ; +0,04135 ; +0,07832 ; -0,33334 ; +1,13942 ; +0,57422 ; -0,38974 ; +1,38540 ; +0,22462 ; +0,16009 ; +0,23449 ; -0,64794 ; -1,47321 ; -0,69415 ; +0,07671 ; -0,34216 ; +0,27287 ; +1,69938 ; -0,59153 ; +1,40318 ; +1,18283 ; +1,08238 ; +1,33806 ; -0,81640 ; -0,38999 ; -1,36410 ; +1,47900 ; -0,03486 ; +0,55113 ; -1,81955 ; +0,78344 ;  constant: -1,09350
on neuron[2][13] :
+0,42053 ; -1,77474 ; +1,17231 ; -1,11687 ; +0,91731 ; +0,49598 ; +0,28346 ; -1,31625 ; +2,36537 ; -0,75630 ; +1,40886 ; +0,04100 ; +0,34209 ; +0,95231 ; -2,56916 ; -2,19175 ; -1,95473 ; -0,03893 ; -0,08557 ; +0,24870 ; +0,72187 ; -1,58143 ; +1,82417 ; +1,60275 ; -0,01766 ; -1,31614 ; +1,05484 ; -1,37265 ; -1,13135 ; +0,15248 ; +1,36949 ; +0,47734 ;  constant: +2,22881
on neuron[2][14] :
+0,79883 ; -0,54700 ; +2,32877 ; +0,62843 ; -0,29302 ; -0,75651 ; -2,32965 ; +1,33763 ; -1,37345 ; -0,12434 ; -1,07013 ; -0,38244 ; -0,67671 ; -0,05146 ; -0,55468 ; +0,35639 ; +0,11010 ; -0,42221 ; +1,78673 ; -0,78247 ; -0,02437 ; +1,85168 ; +0,02194 ; +2,59594 ; -0,64477 ; -0,42009 ; -0,59311 ; -0,51091 ; -0,42408 ; -0,12736 ; -2,99223 ; +0,59778 ;  constant: +1,75606
on neuron[2][15] :
+0,31812 ; +0,29904 ; +0,74149 ; -0,41841 ; -0,77618 ; +0,77013 ; +0,65624 ; -0,16780 ; -0,61304 ; -0,18666 ; +0,89062 ; +0,31103 ; +0,82358 ; +0,35958 ; +1,27003 ; +2,80114 ; +0,22284 ; -0,51838 ; +1,50088 ; +0,40160 ; +0,32188 ; +0,21783 ; -0,92568 ; +0,57292 ; +1,47349 ; -0,63517 ; -1,80960 ; -0,09395 ; -0,70430 ; -0,18338 ; +0,44258 ; -0,66140 ;  constant: +1,67817
on neuron[2][16] :
-0,67819 ; -0,42802 ; -1,84326 ; +0,93971 ; +0,05810 ; +0,35266 ; +0,11388 ; +0,54650 ; -2,28025 ; -1,58902 ; -0,54827 ; +0,93176 ; +1,01063 ; +0,01544 ; +1,39611 ; +1,32003 ; +0,67274 ; +0,55746 ; -0,88657 ; +0,09384 ; +0,10619 ; -1,34141 ; -0,18888 ; -1,51939 ; -1,09455 ; -0,01995 ; +2,17013 ; -0,61829 ; +1,17092 ; +0,31506 ; -1,87714 ; -0,14171 ;  constant: -0,54969
on layer[3] :
on neuron[3][1] :
+0,28417 ; -0,98254 ; +0,12918 ; -1,27386 ; +1,03740 ; +0,44515 ; -1,51690 ; +0,05679 ; +0,18645 ; -1,13863 ; -1,46244 ; -0,01737 ; +0,11490 ; -0,35165 ; -0,84776 ; -0,53780 ;  constant: -0,94922
on neuron[3][2] :
-1,01671 ; -0,73739 ; +0,14533 ; +1,45387 ; -0,29785 ; +0,24955 ; +0,10764 ; +0,44057 ; +0,55663 ; -0,62559 ; +0,27353 ; +0,50755 ; -0,77329 ; +0,28730 ; +0,09538 ; -0,49344 ;  constant: -0,07259
on neuron[3][3] :
+1,37487 ; -0,18345 ; -1,50798 ; -2,03675 ; -2,05851 ; +1,59355 ; +0,81855 ; +0,25770 ; +0,26287 ; -0,13296 ; -1,26174 ; +0,72545 ; -0,59027 ; +0,20853 ; -0,31527 ; -1,07618 ;  constant: +0,94483
on neuron[3][4] :
+0,27474 ; -0,11986 ; -1,16022 ; +1,29835 ; -0,48640 ; +1,02571 ; +1,01439 ; +0,46522 ; +0,35832 ; -0,67358 ; +1,06978 ; +0,87677 ; +0,75487 ; -0,36735 ; +0,16564 ; -0,41651 ;  constant: -0,44116
on neuron[3][5] :
-0,10025 ; +0,06912 ; +1,01884 ; +0,08652 ; -0,60530 ; +0,88589 ; -1,38221 ; +1,44433 ; +0,11339 ; -0,34918 ; +1,83125 ; -0,63889 ; -0,56310 ; -0,41721 ; -0,34398 ; -0,78888 ;  constant: -0,01102
on neuron[3][6] :
+0,47681 ; +0,73890 ; -0,22295 ; +0,71268 ; -1,44477 ; +0,71520 ; -0,87653 ; +0,40508 ; +0,20764 ; +0,30035 ; +0,19720 ; +0,20751 ; +0,20390 ; +1,29556 ; -0,08561 ; -0,05254 ;  constant: -2,02853
on neuron[3][7] :
+0,86265 ; -0,67782 ; +0,57444 ; -0,07986 ; +0,27336 ; +1,94571 ; -0,86539 ; -0,96375 ; -0,73231 ; -0,27158 ; +1,02341 ; +2,49063 ; +0,43073 ; -2,41428 ; -0,36405 ; -1,15946 ;  constant: +1,02430
on neuron[3][8] :
+0,58444 ; +0,31769 ; -2,37010 ; -0,42942 ; -0,10929 ; -0,10777 ; +0,73530 ; +1,46648 ; -0,71017 ; +0,10638 ; +0,89307 ; +1,57937 ; -0,57385 ; -1,19846 ; -1,40362 ; +0,06842 ;  constant: +0,89078
on layer[4] :
on neuron[4][1] :
+1,03920 ; +1,74902 ; -0,14630 ; +1,36052 ; +0,72261 ; -1,13852 ; +1,16630 ; +1,49257 ;  constant: -1,14897
on neuron[4][2] :
-0,94807 ; -1,01766 ; -0,52021 ; +0,47807 ; +0,12311 ; +0,06548 ; +0,81849 ; +0,92525 ;  constant: +0,62755
on neuron[4][3] :
-0,24929 ; -0,52817 ; -1,05185 ; +1,10267 ; +1,36897 ; -1,84820 ; -0,24887 ; +0,64639 ;  constant: -1,11533
on neuron[4][4] :
-1,71031 ; -0,08931 ; +1,16161 ; +0,19120 ; +0,75193 ; -0,87435 ; -2,30884 ; +1,09585 ;  constant: -0,33102
on layer[5] :
on neuron[5][1] :
-1,49369 ; +1,45681 ; -2,72258 ; -0,95689 ;  constant: +0,77575
