on layer[1] :
on neuron[1][1] :
+0,44204 ; -0,77525 ; +0,41863 ; -0,68182 ; +2,15443 ; -0,96656 ; +0,63672 ; +2,64171 ; +0,47612 ; +0,01234 ; +1,43961 ; +2,34235 ; -0,40347 ; -1,71808 ; -0,71591 ; +0,84996 ;  constant: +0,08857
on neuron[1][2] :
-0,30749 ; +0,02502 ; -0,44647 ; +1,46436 ; +0,03026 ; -0,03133 ; +1,11779 ; +0,76823 ; -1,16784 ; +1,08284 ; +0,64350 ; -0,64925 ; +0,88424 ; +1,84724 ; -0,76950 ; -0,37670 ;  constant: -1,55318
on neuron[1][3] :
+0,74901 ; +0,38618 ; -0,05416 ; -1,12751 ; -1,39421 ; -1,13847 ; -1,16525 ; -1,08951 ; +0,85913 ; +1,12536 ; +2,37281 ; +2,14303 ; +2,10636 ; -0,74878 ; +0,38851 ; +0,04869 ;  constant: +0,86916
on neuron[1][4] :
-0,38529 ; +1,31471 ; -0,92521 ; -0,46397 ; +0,15121 ; -0,96383 ; -0,85661 ; +1,27133 ; +1,27886 ; +1,81478 ; -2,11137 ; -1,03353 ; -0,18924 ; -1,50391 ; +2,25436 ; +0,15819 ;  constant: -0,23857
on neuron[1][5] :
+0,10247 ; -0,40726 ; +1,45177 ; -0,53165 ; -0,74821 ; +0,39453 ; +0,30305 ; -0,30550 ; +0,61459 ; -0,89616 ; -0,07897 ; +0,82356 ; -0,74188 ; +0,07633 ; +0,97499 ; +1,12034 ;  constant: -1,85184
on neuron[1][6] :
-2,52426 ; -0,03125 ; +0,86519 ; -2,46996 ; +1,59234 ; -0,19028 ; -0,27485 ; +0,80175 ; -0,66625 ; -2,04383 ; -1,95947 ; +2,95777 ; +0,04814 ; -0,72942 ; +0,79914 ; +1,36712 ;  constant: +1,01193
on neuron[1][7] :
+2,53579 ; +1,66722 ; +0,03073 ; -1,40961 ; +0,57532 ; +0,75451 ; -0,67633 ; +0,32201 ; -0,37124 ; +0,78538 ; -0,11651 ; -0,37568 ; +1,10538 ; -0,72656 ; -0,84029 ; +0,48738 ;  constant: -0,06087
on neuron[1][8] :
-0,45364 ; +0,17718 ; -0,98995 ; -0,95788 ; -2,26388 ; +1,34105 ; -0,51527 ; +1,02117 ; +0,78208 ; +2,73675 ; -0,68486 ; +0,32607 ; +0,93396 ; -1,73002 ; -0,98207 ; +0,06748 ;  constant: -0,59432
on neuron[1][9] :
+0,95612 ; -1,01659 ; -0,71522 ; -1,14172 ; +0,31548 ; +1,26106 ; +0,63656 ; +1,52756 ; +0,28342 ; -0,84856 ; +0,08420 ; +1,32027 ; -0,32654 ; -0,84329 ; +0,00399 ; +1,38383 ;  constant: +0,14474
on neuron[1][10] :
-1,77847 ; -0,46681 ; +0,58814 ; +0,12947 ; +0,27352 ; -1,58054 ; +1,65891 ; +1,62891 ; -0,95455 ; +0,98218 ; -0,79858 ; -1,11644 ; +2,23656 ; +1,11625 ; -0,46717 ; -0,00681 ;  constant: +1,72936
on neuron[1][11] :
-1,52277 ; -0,61523 ; -0,71670 ; +0,35601 ; -0,65788 ; +0,23645 ; -0,34631 ; +0,27629 ; -0,78177 ; -0,21649 ; -0,44542 ; +0,95930 ; +1,32550 ; -0,91924 ; -0,30716 ; -0,02869 ;  constant: -0,95030
on neuron[1][12] :
+0,55237 ; +2,22365 ; -0,48512 ; -1,87545 ; -0,45376 ; +1,58264 ; +0,03533 ; -0,57869 ; -0,57798 ; -1,20852 ; +0,55440 ; +1,17733 ; -0,53417 ; +2,07010 ; -0,59241 ; -0,30734 ;  constant: +2,27795
on neuron[1][13] :
+0,52961 ; +0,23215 ; +0,67769 ; -0,65049 ; -1,18732 ; +0,36590 ; +0,68892 ; +1,46983 ; -0,38944 ; +0,88847 ; +0,03322 ; +0,43102 ; -0,86397 ; -0,05029 ; -0,01692 ; +0,46986 ;  constant: +0,34910
on neuron[1][14] :
-0,36955 ; +0,73720 ; -0,14922 ; -0,17108 ; +0,03914 ; -1,01845 ; -0,51742 ; -1,52487 ; +0,22251 ; +0,12402 ; +0,66562 ; +0,69165 ; -1,89195 ; -0,13572 ; +1,09832 ; -0,81818 ;  constant: -0,67770
on neuron[1][15] :
+1,51698 ; -1,92229 ; +0,45574 ; +0,32684 ; -0,27983 ; -1,52128 ; +0,88410 ; +0,98408 ; -0,20034 ; +1,72555 ; -0,56773 ; -0,70060 ; +1,31146 ; +0,23672 ; -0,61961 ; +0,38037 ;  constant: -0,75774
on neuron[1][16] :
+0,07133 ; +0,69941 ; +0,94048 ; +0,15202 ; +1,01489 ; -0,69090 ; -0,05091 ; -0,42237 ; -1,30537 ; -0,17123 ; +0,32498 ; -2,91761 ; +1,78731 ; +0,88083 ; -1,58405 ; -1,24521 ;  constant: +0,64904
on neuron[1][17] :
-0,77729 ; -0,14664 ; -2,01983 ; +2,96477 ; +0,14910 ; -1,41700 ; +0,25396 ; +0,90283 ; +0,89875 ; -0,08696 ; +0,74363 ; +0,19509 ; -0,53464 ; -0,64647 ; -0,16824 ; +1,01219 ;  constant: -0,73322
on neuron[1][18] :
-0,77916 ; +0,15882 ; -1,30929 ; -0,45419 ; -0,52381 ; -0,73868 ; +1,87547 ; +0,17117 ; -0,02222 ; -3,04132 ; +1,33288 ; -3,03611 ; -1,28767 ; -1,59119 ; -0,87870 ; +0,20537 ;  constant: -0,42038
on neuron[1][19] :
-0,44195 ; +0,44087 ; +0,30991 ; +0,21570 ; -0,86047 ; +0,40025 ; +3,05434 ; +2,32990 ; -0,54424 ; +0,17197 ; -0,72886 ; -0,05982 ; +0,27796 ; +2,17750 ; +1,42828 ; -0,56764 ;  constant: +1,19247
on neuron[1][20] :
-0,16086 ; -1,09377 ; -0,33694 ; +0,39242 ; -1,06600 ; +0,56907 ; -1,09013 ; +0,83772 ; -1,56718 ; +1,27881 ; -0,56786 ; +1,45328 ; +2,20825 ; +0,83246 ; -0,35658 ; -1,13707 ;  constant: +0,52521
on neuron[1][21] :
-0,07850 ; +0,06099 ; +0,48370 ; -1,82424 ; +2,04030 ; -0,64137 ; +2,01267 ; +0,95152 ; -0,42583 ; -1,42409 ; +0,28131 ; -0,83964 ; +0,07280 ; -1,08813 ; -0,81901 ; +0,42748 ;  constant: +0,07238
on neuron[1][22] :
+0,17230 ; +1,63630 ; +2,05225 ; -0,62687 ; -0,66398 ; +0,59218 ; -0,45122 ; -0,02787 ; +0,32579 ; +1,06729 ; +1,76513 ; -0,17176 ; +0,99878 ; +0,20641 ; -0,16550 ; +0,51041 ;  constant: -0,13543
on neuron[1][23] :
-0,90074 ; -1,15521 ; -1,10943 ; -1,37011 ; -0,79897 ; -0,64720 ; -0,28772 ; +0,59464 ; -1,34833 ; +0,45061 ; +1,35647 ; -0,68632 ; -2,50867 ; -0,28326 ; -1,53244 ; -2,12876 ;  constant: -0,58444
on neuron[1][24] :
+1,72312 ; -1,47452 ; -1,05676 ; +0,54522 ; +1,16021 ; -1,06157 ; +0,45686 ; +0,07456 ; -1,31373 ; +0,33786 ; +0,76973 ; -0,43899 ; -0,31917 ; -0,27039 ; +0,44198 ; -1,64673 ;  constant: +0,02094
on neuron[1][25] :
-1,63496 ; -0,78649 ; +0,44808 ; -0,25169 ; -1,08789 ; -0,38582 ; -0,73636 ; -0,52856 ; -0,60661 ; -1,79605 ; -1,26056 ; +1,47216 ; +1,84461 ; -0,21761 ; -0,39695 ; -1,35170 ;  constant: +0,90580
on neuron[1][26] :
+1,08387 ; +0,29360 ; -0,73331 ; -1,00992 ; -0,06998 ; -0,28681 ; +1,86252 ; +1,19146 ; -0,07509 ; -0,40617 ; -0,40205 ; -0,17748 ; +0,40741 ; -1,07332 ; +0,90163 ; +0,94870 ;  constant: -1,58590
on neuron[1][27] :
-1,49833 ; +1,00792 ; +1,09846 ; +0,59813 ; -0,74471 ; +0,00621 ; +0,37834 ; +0,85225 ; +0,96650 ; -1,41269 ; -0,41701 ; +2,53034 ; -0,98790 ; -1,83384 ; +0,64716 ; +0,65407 ;  constant: -0,28211
on neuron[1][28] :
-0,13011 ; -1,36760 ; +0,38956 ; +1,64097 ; +0,73185 ; -1,93050 ; +1,20828 ; -0,22900 ; +0,53059 ; -1,46501 ; +1,74600 ; -0,43566 ; +1,63374 ; -1,04153 ; +0,07805 ; -2,20681 ;  constant: -1,65562
on neuron[1][29] :
+0,46831 ; +0,04396 ; -0,11289 ; -0,72884 ; -0,72495 ; +0,13323 ; -0,17360 ; +1,29801 ; -0,51023 ; -1,17352 ; -0,21525 ; -1,93965 ; -0,72399 ; +1,00616 ; +1,13236 ; +0,44813 ;  constant: -0,78582
on neuron[1][30] :
-0,18927 ; +1,61827 ; -1,82510 ; +1,58057 ; -0,43785 ; -2,03252 ; -0,39942 ; +0,55015 ; -0,44163 ; +1,11600 ; +1,72600 ; -1,54474 ; -0,12932 ; +2,12475 ; +0,60088 ; -0,21804 ;  constant: +0,44606
on neuron[1][31] :
+1,20478 ; -0,22379 ; -0,52366 ; +1,06391 ; -0,02329 ; +1,16487 ; +0,82102 ; +0,41689 ; +1,23371 ; -0,53554 ; +0,62940 ; +1,03463 ; +0,48848 ; -1,30315 ; +1,62551 ; +0,07608 ;  constant: -1,01630
on neuron[1][32] :
+1,76218 ; -1,73944 ; +2,61566 ; +0,80378 ; +0,50261 ; -2,31938 ; +1,56830 ; -0,41830 ; +0,02955 ; +0,68780 ; -0,13692 ; +0,05854 ; -0,16086 ; -1,79494 ; +1,84905 ; -0,32767 ;  constant: +0,06193
on neuron[1][33] :
+0,62196 ; -1,23613 ; +0,74479 ; +0,21754 ; +0,21014 ; -1,15653 ; +0,71492 ; +0,00324 ; -0,50133 ; +0,70777 ; +0,85310 ; -1,85555 ; -0,01959 ; -1,99051 ; +1,84468 ; -0,60676 ;  constant: +0,14903
on neuron[1][34] :
+0,33219 ; +1,08590 ; +0,59334 ; -0,17012 ; +0,72437 ; +0,58009 ; +0,00208 ; +0,10923 ; +0,50478 ; +1,91855 ; -0,17292 ; -0,79542 ; -0,07253 ; +0,61230 ; -0,88834 ; +0,85121 ;  constant: -0,26345
on neuron[1][35] :
-0,25210 ; +0,39181 ; -0,04423 ; -0,19937 ; -0,68291 ; -0,83856 ; -0,20788 ; -1,76617 ; -1,04621 ; -0,16915 ; -0,31094 ; -0,78008 ; -0,19485 ; -0,18529 ; -0,92180 ; -0,22986 ;  constant: +0,81797
on neuron[1][36] :
-0,46332 ; +0,58644 ; +0,15137 ; +0,57809 ; +1,41495 ; -0,10056 ; -0,61153 ; +1,45183 ; +0,92614 ; -0,16637 ; -0,38633 ; +0,73816 ; -1,19972 ; +1,18231 ; +1,26509 ; +0,17533 ;  constant: -1,33127
on neuron[1][37] :
+0,39504 ; +0,34303 ; +0,67343 ; +2,10975 ; -0,52653 ; +1,49383 ; -0,75269 ; +1,50476 ; -0,79747 ; +0,81992 ; -1,40976 ; -0,38408 ; +2,37082 ; +1,23254 ; +0,34027 ; -0,39944 ;  constant: -1,80983
on neuron[1][38] :
+2,15507 ; +0,13901 ; +0,94296 ; -0,38189 ; -0,11514 ; +0,56995 ; -0,04636 ; -0,70487 ; -0,40579 ; +0,05362 ; -1,32548 ; +0,64263 ; -0,70188 ; -0,88462 ; +1,62134 ; +0,67415 ;  constant: -1,00261
on neuron[1][39] :
-0,03105 ; -0,93406 ; +2,01055 ; -0,56189 ; +0,94661 ; +0,64229 ; -0,91925 ; -0,58325 ; +0,16535 ; -1,52366 ; -0,75450 ; +0,52123 ; -0,59963 ; -0,34470 ; +1,49405 ; +0,22723 ;  constant: +0,43007
on neuron[1][40] :
+1,61340 ; -1,90664 ; +1,05559 ; -0,75722 ; -0,89033 ; -0,88469 ; -0,76433 ; +0,90694 ; -1,17067 ; -2,12254 ; -0,26508 ; +1,01952 ; +0,61291 ; +0,36122 ; -0,51373 ; -0,07533 ;  constant: +0,52722
on neuron[1][41] :
-1,29057 ; +0,96646 ; +0,49633 ; +2,08932 ; +1,17829 ; +1,30066 ; -0,26537 ; +0,23985 ; -1,84628 ; +0,18638 ; +1,49161 ; +1,02850 ; -1,33015 ; -0,96837 ; -0,80548 ; +0,19869 ;  constant: -1,18005
on neuron[1][42] :
+0,24943 ; -0,07588 ; +1,67789 ; -0,04533 ; -0,41231 ; -0,29581 ; +0,98648 ; +0,72145 ; +0,85041 ; -0,89516 ; -1,38416 ; +0,82184 ; +0,42645 ; +0,34121 ; -1,17890 ; -0,00477 ;  constant: -0,53188
on neuron[1][43] :
+3,13373 ; -0,28991 ; +1,28116 ; -1,64098 ; -0,68802 ; +0,50704 ; -0,50007 ; -0,65384 ; -2,77276 ; -1,22976 ; +1,29174 ; -0,85065 ; +0,41251 ; -0,07212 ; +0,47445 ; -1,41005 ;  constant: -0,59473
on neuron[1][44] :
-0,95184 ; +1,04043 ; -0,00505 ; -1,23309 ; -0,50969 ; +0,45519 ; -1,26900 ; +0,10134 ; -0,61789 ; -0,17142 ; +1,89543 ; +0,52790 ; +0,97962 ; -1,89637 ; +0,51165 ; +1,15826 ;  constant: +0,07080
on neuron[1][45] :
+0,10181 ; -0,95101 ; -0,23732 ; -0,15667 ; -0,28182 ; +0,55854 ; -1,71884 ; -0,97676 ; +1,10580 ; +0,94145 ; -1,54141 ; -0,77204 ; +0,16234 ; +0,65135 ; -0,07601 ; +0,54066 ;  constant: -0,78770
on neuron[1][46] :
+1,29209 ; +0,51960 ; +0,28966 ; -1,49719 ; -0,25466 ; -1,67871 ; -0,45581 ; -0,55226 ; -1,33177 ; +0,57251 ; +0,86771 ; +1,90005 ; +1,22252 ; -0,20140 ; +0,22534 ; +1,69538 ;  constant: +0,95360
on neuron[1][47] :
+1,60694 ; -0,04997 ; +0,14727 ; +0,04544 ; +1,58583 ; +1,25797 ; +0,48665 ; +1,05482 ; +0,05685 ; +0,54232 ; +1,20458 ; -0,41346 ; -0,72227 ; +0,73658 ; -0,62457 ; +0,86060 ;  constant: +0,66765
on neuron[1][48] :
-0,04699 ; -1,33506 ; +0,49640 ; +0,24740 ; -0,12672 ; -1,23968 ; +0,05780 ; +0,38245 ; +0,49046 ; +0,30668 ; +0,42779 ; +0,28086 ; +0,62000 ; -0,28655 ; +1,11054 ; -0,76151 ;  constant: -0,06716
on neuron[1][49] :
+0,63338 ; -0,37097 ; -0,21138 ; -0,34723 ; +0,05385 ; +1,02294 ; -0,96926 ; +0,01376 ; -1,87880 ; -0,80951 ; -0,32149 ; -1,91170 ; +0,13210 ; -0,25717 ; -0,86462 ; +0,21873 ;  constant: -0,85871
on neuron[1][50] :
+1,09732 ; +1,02839 ; +1,31635 ; -0,47169 ; -0,22011 ; +0,36612 ; -2,76879 ; +0,85769 ; +0,49676 ; -0,89404 ; +0,27761 ; +2,21272 ; -0,12032 ; -1,37751 ; -1,14173 ; +1,10736 ;  constant: +0,74802
on neuron[1][51] :
-0,41957 ; -0,21437 ; -0,35615 ; +0,60555 ; +0,73424 ; +0,84321 ; -0,84240 ; +1,75164 ; +0,17146 ; +1,55252 ; +0,29103 ; +0,04840 ; -0,33661 ; -1,16107 ; -1,95858 ; -1,41295 ;  constant: -0,76989
on neuron[1][52] :
+0,16862 ; +1,51327 ; +1,43184 ; -0,49926 ; -1,61764 ; -0,84448 ; -1,20533 ; -0,07990 ; -0,37751 ; +0,94027 ; -0,29280 ; +1,42508 ; -0,57064 ; -1,39155 ; -0,16359 ; -0,59162 ;  constant: -1,48757
on neuron[1][53] :
-1,18758 ; +1,26148 ; -0,97362 ; -0,68146 ; +1,05104 ; +0,94990 ; +0,86750 ; +0,48236 ; -0,18064 ; -1,06308 ; +1,66431 ; -0,29699 ; -0,09314 ; -0,78555 ; +1,12063 ; +0,19921 ;  constant: +0,86660
on neuron[1][54] :
-0,59077 ; +0,98435 ; +0,82720 ; -0,43372 ; -0,54967 ; +0,80390 ; +1,83633 ; -0,12192 ; +0,39898 ; +0,73073 ; -1,16363 ; -0,09517 ; +2,70206 ; +1,83091 ; -0,03798 ; +0,47425 ;  constant: +1,22457
on neuron[1][55] :
+0,67011 ; -0,22543 ; +0,38069 ; -2,01719 ; -0,80647 ; +1,91087 ; -1,18677 ; -0,81221 ; +1,24011 ; -1,12467 ; +0,38211 ; -0,37010 ; -0,67353 ; +1,27079 ; +0,28552 ; -0,40570 ;  constant: +0,66716
on neuron[1][56] :
+0,37430 ; +0,58960 ; -0,20479 ; +0,78114 ; -0,26779 ; +0,79840 ; -2,23743 ; -0,64914 ; +0,66366 ; -1,18858 ; +1,37551 ; +1,03072 ; +1,03470 ; -0,95714 ; +1,18922 ; -0,65519 ;  constant: -1,40068
on neuron[1][57] :
-0,60591 ; +2,05685 ; +0,50307 ; +0,21454 ; -0,94211 ; -0,22245 ; -1,78805 ; +0,17612 ; +0,89100 ; -1,26117 ; -0,52736 ; -0,15557 ; +0,53695 ; +0,29895 ; -0,66207 ; +1,24623 ;  constant: -0,89798
on neuron[1][58] :
-1,10953 ; -0,89020 ; +1,72439 ; +0,49720 ; -1,45104 ; -0,58125 ; +1,32863 ; +0,08552 ; -0,50440 ; -0,85369 ; -0,25924 ; +0,23061 ; -0,62644 ; +0,52466 ; +0,21899 ; -0,14963 ;  constant: -0,33210
on neuron[1][59] :
-0,27431 ; -0,81658 ; +0,58712 ; +0,04562 ; +2,24770 ; -1,66744 ; -0,04502 ; -1,27414 ; +1,04829 ; +0,15419 ; -0,49964 ; -0,31507 ; +0,86710 ; -0,08534 ; +0,51774 ; -1,82559 ;  constant: +1,14635
on neuron[1][60] :
-0,31707 ; +0,93350 ; +1,29823 ; -0,30672 ; +1,11801 ; -0,23141 ; -0,77729 ; -1,20707 ; +0,70540 ; -0,30964 ; -2,16361 ; +1,74383 ; +1,08734 ; -0,33587 ; -0,14636 ; +0,45839 ;  constant: -0,16103
on neuron[1][61] :
+1,24325 ; -2,11425 ; -0,39691 ; -0,40405 ; -0,29289 ; -0,65171 ; +0,54254 ; -0,70374 ; -0,28485 ; -0,17536 ; -0,11861 ; +0,45292 ; +1,19630 ; +0,81000 ; -1,45061 ; +0,43955 ;  constant: -0,48592
on neuron[1][62] :
+1,33694 ; -0,75250 ; +0,64358 ; +0,08959 ; -0,68210 ; -0,28479 ; -0,18424 ; -2,10071 ; +0,12974 ; +0,84007 ; -0,31216 ; +1,79221 ; -0,28112 ; +0,50370 ; -0,60920 ; +0,04023 ;  constant: -1,27546
on neuron[1][63] :
+1,45315 ; -0,60806 ; +1,56702 ; -0,42930 ; -0,21439 ; +1,95248 ; -0,19944 ; +1,10796 ; -0,03590 ; -0,48868 ; +0,49840 ; +1,21824 ; +1,02393 ; -0,06202 ; +1,05389 ; +0,60347 ;  constant: -0,38817
on neuron[1][64] :
+0,52812 ; -0,42385 ; +0,03759 ; -0,43486 ; -0,39083 ; -0,57012 ; -1,30147 ; -1,47715 ; +0,64816 ; -2,43973 ; +0,51559 ; +1,95306 ; +0,99485 ; +0,38237 ; +0,52236 ; +0,34320 ;  constant: +0,47676
on layer[2] :
on neuron[2][1] :
-1,53866 ; +1,24459 ; -0,04324 ; -0,72241 ; -0,69278 ; -0,51595 ; +0,65642 ; -0,06571 ; +0,73606 ; +1,54658 ; -1,76811 ; +0,42968 ; -1,44969 ; +1,15404 ; -0,23167 ; -0,15339 ; +0,92058 ; +0,25946 ; -0,41826 ; +1,42365 ; -0,54746 ; -0,12653 ; -0,77907 ; +1,88933 ; +1,02654 ; +0,13273 ; -1,48026 ; -0,62307 ; +1,18870 ; -0,14190 ; -0,96175 ; +1,31639 ; +0,18769 ; +0,21038 ; -1,70527 ; +0,37440 ; +1,48485 ; -0,56268 ; +1,92694 ; +1,95115 ; -0,97320 ; -0,45706 ; -1,39375 ; +1,52312 ; -0,85745 ; -1,16838 ; -1,47040 ; -0,47473 ; -2,33284 ; +1,48682 ; +0,03352 ; +2,11901 ; -0,26418 ; -0,63209 ; -1,77562 ; -0,59554 ; -0,02031 ; -0,41851 ; -1,22483 ; -1,01230 ; -0,06265 ; +0,33648 ; -0,47756 ; +0,41221 ;  constant: +0,05672
on neuron[2][2] :
-0,36297 ; -0,98746 ; +0,03461 ; -0,78716 ; -1,53637 ; -0,45637 ; +0,15576 ; -0,75918 ; +1,01578 ; +0,34573 ; +0,08367 ; +0,81018 ; +0,07573 ; -0,94049 ; -2,01463 ; +0,60397 ; +1,68980 ; +0,28792 ; +0,38761 ; -0,05015 ; -0,12409 ; -0,08854 ; +0,48901 ; -0,11710 ; +0,16800 ; -1,10167 ; +0,01766 ; +1,62815 ; +0,37635 ; -0,06021 ; -0,23016 ; -0,80900 ; -0,67683 ; +0,69727 ; +1,02606 ; -1,01022 ; -1,43323 ; -0,07893 ; +1,26659 ; -0,47674 ; -0,12989 ; +0,25411 ; -0,20270 ; +0,52729 ; +1,11257 ; +0,58961 ; +0,46122 ; -0,48828 ; -0,37797 ; -0,47778 ; -0,09149 ; +1,11592 ; -1,42331 ; -0,53192 ; -0,98310 ; -0,98396 ; +1,09628 ; -0,77896 ; +0,17704 ; +0,07466 ; +0,97874 ; +1,29814 ; -0,24304 ; +0,74746 ;  constant: +1,18009
on neuron[2][3] :
+1,10733 ; -1,65651 ; -0,24818 ; -0,78460 ; -0,25119 ; -0,09876 ; -1,08837 ; +0,77589 ; +0,37328 ; -0,86335 ; -0,64773 ; +0,79600 ; -1,03936 ; -0,26551 ; -0,19997 ; -0,08193 ; +0,18180 ; +0,48342 ; -0,38869 ; -0,00519 ; -0,32818 ; +0,86110 ; +1,03225 ; -0,83035 ; +0,06747 ; -0,26588 ; +1,00672 ; -1,13071 ; +0,21918 ; -0,06769 ; +0,84235 ; +0,81281 ; -0,49780 ; -0,91854 ; -0,59379 ; +0,26308 ; -0,43199 ; -0,58285 ; -0,86570 ; +0,02385 ; +1,05330 ; +1,44393 ; -0,59391 ; -1,45329 ; -1,03429 ; +0,41877 ; +0,32231 ; -0,91877 ; -0,74304 ; -0,32999 ; +1,32692 ; +0,88966 ; +0,59991 ; -0,30831 ; -0,00642 ; +0,35487 ; -0,26824 ; +0,15724 ; -1,37349 ; -0,59088 ; +2,63888 ; -0,42556 ; -0,84409 ; +0,92502 ;  constant: -1,10303
on neuron[2][4] :
+1,03006 ; +0,43909 ; +0,34544 ; +0,82580 ; -2,17355 ; +1,47611 ; -0,59704 ; +0,72120 ; +1,58125 ; -1,84020 ; -0,13864 ; +0,21926 ; +2,16916 ; +0,43045 ; -0,13139 ; +0,62752 ; -0,45919 ; -0,39227 ; -0,16938 ; -2,10737 ; +0,44466 ; -0,31336 ; -1,64208 ; +0,10346 ; +0,30029 ; -1,04680 ; -0,61783 ; -0,14862 ; -1,35587 ; -0,18248 ; +2,09855 ; +0,16953 ; -1,62235 ; -0,03413 ; -0,05852 ; -1,04722 ; +0,24761 ; +0,15410 ; -1,21420 ; -0,58153 ; -1,57886 ; -1,47415 ; +0,31091 ; -0,50085 ; +1,04365 ; +1,33045 ; +0,64519 ; -0,45492 ; -0,86874 ; +0,39565 ; -1,28880 ; +0,84696 ; +0,59975 ; +0,55602 ; +0,55601 ; -0,80825 ; -0,81753 ; +0,07844 ; +0,35058 ; -0,30514 ; +2,00055 ; -0,09865 ; -1,45267 ; +0,24078 ;  constant: -0,35919
on neuron[2][5] :
+0,24285 ; +0,62459 ; -0,88095 ; -0,48518 ; +0,72183 ; -0,58352 ; -0,12613 ; -0,90499 ; -0,11038 ; -0,55864 ; -0,73954 ; +0,38908 ; +1,46440 ; -1,24405 ; -1,51530 ; +0,90764 ; +0,56654 ; -1,76607 ; +1,24388 ; -1,11945 ; +0,00324 ; +0,01834 ; -0,57175 ; +0,40188 ; +1,23228 ; +0,82453 ; -0,62029 ; +0,99852 ; +0,04907 ; -0,33820 ; +1,07756 ; -0,74161 ; -1,70432 ; -2,41071 ; +0,22540 ; -0,23857 ; +0,69112 ; +0,48247 ; +0,88672 ; +1,62736 ; +0,15103 ; +0,59988 ; +0,73467 ; +1,09809 ; +0,06044 ; +0,08688 ; -0,17117 ; -0,30268 ; +0,14946 ; -0,88138 ; -0,91628 ; +0,52939 ; +1,39793 ; +1,83510 ; -1,09400 ; -0,34320 ; +1,46438 ; +1,16337 ; -1,74596 ; +0,10986 ; -0,64823 ; +3,43775 ; +0,55941 ; -1,57763 ;  constant: +1,37674
on neuron[2][6] :
+0,98705 ; +0,42164 ; -0,15828 ; +0,95973 ; +0,45940 ; +0,12745 ; +1,36386 ; -0,49631 ; -0,71995 ; -1,23655 ; -1,00961 ; -0,51882 ; +0,90335 ; -0,10894 ; -0,68882 ; -0,28703 ; +0,53061 ; +0,43045 ; +0,34192 ; +0,97729 ; +0,00008 ; +1,94406 ; +0,14438 ; +0,09716 ; -0,13121 ; +0,29969 ; -1,04175 ; -0,84372 ; +0,53707 ; +1,55737 ; -1,54856 ; +1,43024 ; -0,80620 ; +0,77817 ; +1,59061 ; -1,78184 ; +0,28997 ; +0,03144 ; +1,11320 ; +0,54057 ; +0,53878 ; -0,92250 ; -0,60519 ; +0,27042 ; +0,20158 ; +1,02663 ; +2,10373 ; +0,61321 ; +1,61336 ; +0,35628 ; +1,63331 ; -2,01785 ; +0,77870 ; -0,39624 ; -2,31305 ; -2,01074 ; +0,90330 ; -0,04096 ; -0,47171 ; +1,46292 ; +1,64287 ; -1,14715 ; +0,02370 ; +1,46875 ;  constant: +1,37277
on neuron[2][7] :
-1,39493 ; -0,35825 ; +0,51241 ; +1,44893 ; -0,42362 ; -0,10652 ; -0,57327 ; +1,39973 ; +1,15228 ; -0,58528 ; -0,74706 ; +0,88405 ; +0,42937 ; -0,51365 ; -0,20156 ; -0,66049 ; +0,35933 ; +0,15168 ; -1,13525 ; +0,72230 ; +2,34854 ; +0,35592 ; -0,53758 ; +1,24330 ; +0,27602 ; -0,48669 ; +0,00660 ; +0,24610 ; -0,88353 ; +0,00085 ; -0,29077 ; -0,62520 ; -0,88648 ; +1,36419 ; +0,20951 ; +0,71805 ; -1,44481 ; -1,41957 ; -0,76575 ; +0,32676 ; +0,37231 ; +0,12650 ; -0,46768 ; -1,12067 ; +1,29188 ; -0,74427 ; -0,92009 ; +0,84090 ; +0,05042 ; -0,17802 ; +0,16983 ; -0,28464 ; +0,95496 ; -0,40106 ; +0,47501 ; +1,22970 ; +0,49171 ; +0,03393 ; -0,86164 ; -0,21551 ; -0,61440 ; +1,21986 ; -1,47077 ; -0,68061 ;  constant: +0,17708
on neuron[2][8] :
+1,19447 ; -0,94067 ; -0,54906 ; -0,82106 ; -0,56917 ; -0,28239 ; -0,87959 ; +0,26576 ; -0,13033 ; -0,03282 ; -1,11612 ; +0,87355 ; +0,40473 ; -0,13850 ; -0,33392 ; -2,01616 ; -0,20432 ; -1,54309 ; -0,79145 ; -0,80842 ; +0,16161 ; +0,80416 ; +0,29619 ; +0,02161 ; -1,96380 ; +0,39625 ; -0,39709 ; -1,94458 ; -1,14305 ; +0,23282 ; -2,77107 ; -1,74858 ; -0,22115 ; +2,18572 ; +0,42936 ; +3,06673 ; -0,62241 ; +0,48378 ; -0,84641 ; -0,79695 ; +0,84115 ; +0,32978 ; -1,07458 ; -0,99848 ; -0,18130 ; -0,29198 ; -0,37701 ; -1,78215 ; +1,04194 ; +0,64256 ; +0,33020 ; -1,18679 ; +2,21113 ; -0,58079 ; -0,96998 ; -0,83369 ; +0,43486 ; +0,30005 ; -0,69604 ; +0,64617 ; -0,54281 ; +0,42169 ; -0,04644 ; -0,02634 ;  constant: +0,18801
on neuron[2][9] :
+0,55426 ; -0,37101 ; -1,79183 ; +0,19965 ; -0,57913 ; +1,93592 ; -0,75202 ; -0,80106 ; +0,07511 ; +1,91109 ; +0,23480 ; -1,20294 ; -0,80485 ; +0,33559 ; -0,81957 ; +1,15278 ; +0,52891 ; -3,28308 ; +0,11061 ; +0,60875 ; -1,10067 ; +1,05514 ; -1,39202 ; +0,84005 ; +0,88503 ; -0,22111 ; +0,80329 ; +0,52134 ; -0,59739 ; +0,14050 ; -0,98872 ; +0,24337 ; -0,94743 ; -1,51254 ; -1,17057 ; +0,15639 ; +1,56656 ; -0,09642 ; +1,65918 ; -0,60999 ; -0,42578 ; -0,08367 ; -1,13498 ; -0,98216 ; -0,54795 ; +0,45546 ; -0,97220 ; +1,06430 ; +0,30474 ; +0,45483 ; -0,31809 ; -0,52070 ; +1,01172 ; +1,07931 ; +0,02366 ; +0,36606 ; -0,27517 ; +1,44794 ; -0,16964 ; +0,71514 ; +0,69758 ; -0,98188 ; +0,34687 ; +1,07794 ;  constant: -0,82685
on neuron[2][10] :
-0,01339 ; -0,82013 ; +0,19073 ; -0,94754 ; +0,07894 ; +0,30295 ; -0,35241 ; -1,83053 ; -0,05528 ; +2,02322 ; +0,86172 ; -0,07949 ; +0,58049 ; +2,05917 ; -0,31750 ; -0,08834 ; +1,67321 ; +1,35353 ; -1,51900 ; +0,19466 ; +0,65218 ; +0,50651 ; -0,21270 ; +0,88338 ; -0,66477 ; -0,13425 ; +0,40031 ; +0,36528 ; +0,86006 ; -1,06934 ; +0,04563 ; -0,02081 ; -0,69611 ; +0,37515 ; +0,08228 ; -1,03670 ; +0,54342 ; +0,72867 ; -1,14983 ; +0,27136 ; -2,41159 ; -0,88580 ; +1,84933 ; -0,18745 ; +0,50974 ; +0,90571 ; +1,32890 ; +0,06155 ; -0,20641 ; -1,90252 ; -0,09340 ; +0,39929 ; -0,14577 ; +0,08546 ; -0,59010 ; +0,09340 ; -1,22678 ; -0,51756 ; -0,96146 ; +0,03693 ; +0,57661 ; -0,34140 ; -0,17200 ; -0,58383 ;  constant: +0,43432
on neuron[2][11] :
+0,41964 ; -1,26777 ; +0,25757 ; +0,15786 ; -1,00284 ; -1,67116 ; -2,00223 ; -0,16732 ; -0,46475 ; +0,54651 ; -0,54921 ; -0,88206 ; -1,36138 ; -1,38626 ; +0,64512 ; +1,99567 ; +0,65567 ; -1,18155 ; +0,32523 ; -0,33816 ; -0,24829 ; -0,88814 ; +3,24209 ; +1,48457 ; -0,26593 ; +1,78457 ; +1,29278 ; -0,86881 ; -0,63569 ; +0,58741 ; +0,52265 ; -0,75668 ; -0,26204 ; +0,01405 ; -0,64592 ; +2,22067 ; -0,30124 ; +0,71532 ; -1,35010 ; +0,34934 ; -1,32666 ; +1,57247 ; +1,76523 ; -1,80962 ; -0,50945 ; -0,48707 ; +1,05889 ; +0,17382 ; -0,46609 ; -0,36380 ; -1,89310 ; -0,08983 ; +0,30837 ; +1,67152 ; -1,08814 ; +0,53538 ; +1,19160 ; -0,02482 ; +1,00584 ; +1,69688 ; -0,31952 ; +1,17116 ; -0,71886 ; -0,79225 ;  constant: -0,05157
on neuron[2][12] :
+0,28226 ; +0,05252 ; -0,23489 ; +1,70954 ; -0,20991 ; -0,30773 ; -0,92225 ; -0,07216 ; -0,68932 ; -0,90490 ; +0,50281 ; +0,64672 ; +0,93616 ; -2,33568 ; -0,07886 ; -0,86888 ; -1,27988 ; +1,53510 ; +0,43313 ; -0,33824 ; -0,53347 ; -1,72209 ; -0,69900 ; -1,05936 ; -0,18938 ; -0,03201 ; +0,54346 ; -0,26986 ; -0,29155 ; +0,53443 ; -0,44118 ; +0,75712 ; +0,59377 ; +1,53347 ; -1,34170 ; +1,13920 ; -0,10639 ; -0,60329 ; +0,35192 ; +1,52535 ; -0,47845 ; -0,43230 ; +1,15419 ; +1,46103 ; +0,33063 ; +0,21111 ; +1,67095 ; -0,23214 ; -0,46302 ; -0,97430 ; -0,30427 ; -1,30734 ; +0,46454 ; -0,70317 ; +0,43019 ; +0,07004 ; -0,09521 ; -0,93725 ; +0,49381 ; -0,59947 ; +0,63657 ; +0,93399 ; +1,14075 ; -0,74788 ;  constant: +1,51812
on neuron[2][13] :
+0,21851 ; +0,37008 ; +0,25352 ; +0,48836 ; -1,52659 ; +2,67518 ; +1,83122 ; +1,28607 ; -1,04321 ; -0,58572 ; +0,63927 ; +2,07487 ; +0,31818 ; +1,60614 ; +0,24150 ; -0,37844 ; +0,99296 ; -0,14090 ; +0,10921 ; -1,39870 ; +1,42652 ; +0,98920 ; -0,13480 ; -1,47041 ; -1,34302 ; -1,23467 ; +1,23078 ; -0,71411 ; -0,88129 ; -2,06857 ; -0,91024 ; -0,48008 ; -0,05552 ; +1,26052 ; +0,34830 ; -0,57609 ; -2,48987 ; +0,02275 ; +0,57068 ; +1,53896 ; +0,84657 ; +1,47436 ; -1,10509 ; +0,98980 ; +0,69339 ; +1,96362 ; -0,85438 ; +1,32624 ; +0,21752 ; +0,90990 ; -1,32575 ; +0,67457 ; -0,25881 ; -1,30684 ; +0,05349 ; +0,31300 ; -0,59008 ; -0,28506 ; +0,85784 ; -0,12526 ; -0,70607 ; +0,29195 ; +1,20947 ; +0,45507 ;  constant: +0,40579
on neuron[2][14] :
+1,41897 ; +0,76655 ; +1,88568 ; +1,72277 ; -0,87322 ; +0,06672 ; +0,10778 ; -0,65913 ; -1,42335 ; -0,28259 ; +0,40965 ; +0,43312 ; -0,31791 ; +1,87164 ; +0,16225 ; -0,03085 ; -0,63591 ; -0,48557 ; -1,08927 ; +0,98117 ; -1,72844 ; +0,42118 ; -0,22565 ; -0,70617 ; -0,61535 ; -1,98022 ; -0,02748 ; -1,14779 ; -1,54627 ; -0,02916 ; -2,01412 ; +0,01370 ; +0,15353 ; -0,47133 ; -1,54585 ; -1,06353 ; -0,38934 ; -1,21773 ; -1,67905 ; -0,73549 ; +0,71500 ; -0,22639 ; +1,39384 ; -0,42214 ; -0,61074 ; -0,09479 ; +0,18592 ; +1,20800 ; +0,87476 ; -0,20461 ; -0,38676 ; +1,29256 ; -1,74509 ; +1,48979 ; +2,02763 ; -0,63853 ; +1,18576 ; -1,32413 ; +1,47236 ; +1,12427 ; +0,28611 ; -1,00490 ; +0,51054 ; +0,47770 ;  constant: -0,88651
on neuron[2][15] :
+1,91149 ; -0,00514 ; +0,20490 ; +0,43252 ; +0,34003 ; -1,65995 ; +0,59887 ; +0,05701 ; +1,47443 ; -0,38833 ; -1,65456 ; +0,22710 ; +0,83463 ; +1,01416 ; +1,25723 ; -0,86348 ; +0,55582 ; -0,37923 ; +1,00517 ; -1,30771 ; -0,99919 ; -0,26309 ; +0,43968 ; +0,82719 ; +0,72190 ; -0,66146 ; -0,12502 ; +0,20510 ; +0,63490 ; +0,64140 ; +0,24268 ; -0,77665 ; -0,52401 ; -0,63299 ; -0,30284 ; +0,97418 ; -1,03483 ; -1,59248 ; +0,34482 ; -1,33109 ; +0,10131 ; -1,36491 ; +0,12313 ; -0,20573 ; +0,33868 ; -0,76280 ; +1,23764 ; +0,06055 ; -0,97843 ; +0,62212 ; +0,08654 ; -0,29333 ; +1,38737 ; -1,06577 ; -0,19068 ; -0,47635 ; -0,47846 ; +0,81594 ; -0,00486 ; -0,26391 ; +0,26242 ; -0,37073 ; -0,47105 ; +1,05825 ;  constant: -0,40242
on neuron[2][16] :
-0,13379 ; -0,53177 ; -0,76604 ; +0,08293 ; -0,33261 ; -0,52461 ; -0,22017 ; -0,17800 ; +0,23292 ; -1,49480 ; -1,55990 ; -1,06346 ; +0,69128 ; +0,56740 ; -0,57047 ; -0,42400 ; -1,54008 ; +2,80000 ; +0,18467 ; -2,09087 ; -1,31753 ; -1,92230 ; -0,71517 ; +1,66766 ; -0,38776 ; +2,49500 ; +1,35043 ; +1,38728 ; -0,01249 ; -0,90945 ; -1,71616 ; +1,20737 ; +0,33328 ; -0,31137 ; +1,88112 ; -1,37811 ; -0,85548 ; -1,40347 ; +0,28395 ; -0,06891 ; -1,26284 ; -0,25676 ; -0,76252 ; -2,75649 ; +0,72129 ; -0,50486 ; -1,63483 ; -1,37843 ; -0,08725 ; -0,61813 ; -0,78242 ; -0,53155 ; -0,56200 ; +2,41479 ; -1,35741 ; -0,51561 ; +0,57374 ; -1,07544 ; -0,75514 ; -0,99843 ; -1,62714 ; -2,14012 ; -0,73353 ; +1,01329 ;  constant: +0,38649
on layer[3] :
on neuron[3][1] :
-0,16387 ; -0,41925 ; -0,05220 ; +0,40084 ; +0,60371 ; +0,01129 ; +0,41712 ; +0,62945 ; +0,53291 ; -0,29214 ; +0,56366 ; -0,01130 ; +0,32068 ; -0,19478 ; -1,24519 ; +1,60103 ;  constant: +0,86877
