on layer[1] :
on neuron[1][1] :
+0,25418 ; -0,40185 ; +0,33162 ; +0,35904 ; +0,16269 ; +0,29616 ; +0,17995 ; +0,04775 ; -0,08986 ; +0,74179 ; -0,03830 ; +0,61123 ; +0,15931 ; +0,32238 ; +0,54533 ; +0,06493 ;  constant: +0,00000
on neuron[1][2] :
-0,00413 ; +0,02193 ; +0,21314 ; +0,38161 ; +0,42363 ; +0,38669 ; +0,20585 ; +0,01463 ; -0,00351 ; +0,04533 ; +0,22382 ; +0,37055 ; +0,35207 ; +0,32017 ; +0,15088 ; +0,00962 ;  constant: +0,00000
on neuron[1][3] :
-0,00349 ; +0,01545 ; +0,19000 ; +0,35673 ; +0,38064 ; +0,36860 ; +0,19516 ; -0,00757 ; +0,02113 ; +0,03953 ; +0,26721 ; +0,38438 ; +0,40287 ; +0,34057 ; +0,14258 ; +0,02237 ;  constant: +0,00000
on neuron[1][4] :
-0,00045 ; +0,00258 ; +0,21413 ; +0,35188 ; +0,40970 ; +0,35782 ; +0,24609 ; +0,01024 ; -0,00303 ; +0,00095 ; +0,21396 ; +0,34232 ; +0,38685 ; +0,34881 ; +0,20813 ; +0,01829 ;  constant: +0,00000
on neuron[1][5] :
-0,01894 ; -0,02076 ; -0,24618 ; -0,43490 ; -0,46075 ; -0,42827 ; -0,24061 ; +0,00323 ; -0,00359 ; -0,00634 ; -0,17271 ; -0,29560 ; -0,29709 ; -0,25374 ; -0,17268 ; -0,01171 ;  constant: +0,00000
on neuron[1][6] :
-0,20219 ; -0,04495 ; -0,24411 ; -0,55008 ; -0,56318 ; -0,01020 ; -0,07346 ; -0,05495 ; +0,28063 ; -0,28909 ; +0,31965 ; +0,55142 ; +0,31671 ; +0,30869 ; +0,04493 ; +0,36502 ;  constant: +0,00000
on neuron[1][7] :
+0,00747 ; +0,04446 ; +0,17110 ; +0,30671 ; +0,36295 ; +0,31349 ; +0,17180 ; +0,00258 ; -0,00610 ; +0,03778 ; +0,27281 ; +0,40724 ; +0,45043 ; +0,35143 ; +0,22903 ; -0,01641 ;  constant: +0,00000
on neuron[1][8] :
-0,00380 ; -0,02226 ; -0,19590 ; -0,36702 ; -0,41632 ; -0,34820 ; -0,18589 ; -0,00658 ; -0,02091 ; -0,03535 ; -0,23472 ; -0,36917 ; -0,41689 ; -0,32909 ; -0,15676 ; -0,00743 ;  constant: +0,00000
on layer[2] :
on neuron[2][1] :
-0,34190 ; -0,38530 ; -0,38582 ; -0,38566 ; +0,37620 ; -0,00628 ; -0,38274 ; +0,38602 ;  constant: +0,00000
on neuron[2][2] :
-0,34190 ; -0,38530 ; -0,38582 ; -0,38566 ; +0,37620 ; -0,00628 ; -0,38274 ; +0,38602 ;  constant: +0,00000
on neuron[2][3] :
-0,34190 ; -0,38530 ; -0,38582 ; -0,38566 ; +0,37620 ; -0,00628 ; -0,38274 ; +0,38602 ;  constant: +0,00000
